<html>
  <head>
    <meta charset="utf-8">
    <meta name="viewport" content="initial-scale=1, maximum-scale=1, user-scalable=no">
    <link rel="icon" type="image/png" href="https://upload.wikimedia.org/wikipedia/commons/thumb/6/68/Ambulance_font_awesome.svg/200px-Ambulance_font_awesome.svg.png">
    <title>COVID-19 Dashboard</title>
    <style>
      html, body {
        padding: 0;
        margin: 0;
        height: 100%;
        width: 100%;
        font-family: "Lato", sans-serif;
        color: #EEEEEE;
      }
      #viewDiv {
        margin:0;
        padding:0;
        width:100%;
        height:100%;
      }
      .plot-container {
        top: 0;
        left: 0;
        z-index:99;
        background-color: #393e46;
        overflow: hidden;
        position: absolute;
        height: 100%;
      }
      .popup {
        top: 0;
        left: 0;
        z-index:50;
        background-color: #393e46;
        overflow: hidden;
        position: absolute;
        transition: 0.5s;
        opacity: 0.8;
        border-radius: 5px;
        border: 1px solid black;
      }
      .tools-btn {
        font-size: 18px;
        cursor: pointer;
        z-index: 99;
        position: absolute;
        right: 2%;
        top: 2%;
        color: #EEEEEE;
      }
      
      .tools-btn:hover {
        color: #4ecca3;
      }
      
      .tools-btn:active {
        color: #4d6dcb;
      }

      .plt-ctn {
        margin: 0;
        position: absolute;
        width:100%;
        height:70%;
        padding: 5px;
        top: 5%;
      }

      .disable {
        top: 0;
        left: 0;
        z-index:80;
        opacity: 0.2;
        background-color: #393e46;
        overflow: hidden;
        position: absolute;
      }

      .control {
        overflow: hidden;
        position: absolute;
      }

      .warning {
        position: absolute;
        overflow: hidden;
        z-index: 1;
        top: 0;
        left: 0;
        opacity: 0.5;
        background-color: #FF0000;
        transition: 0.5s;
        width: 100%;
        height: 0;
      }

      #sliderDiv {
        position: absolute;
        z-index: 1;
        bottom: 0;
        border: 1px solid black;
        background-color: #FEFEFE;
        height: 50px;
        width: 100%;
      }

      table, td, tr, th {
        border: 1px solid #EEEEEE;
        border-collapse: collapse;
      }

      .tab {
        overflow: hidden;
        background-color: inherit;
        padding: 5px;
      }

      .tab button {
        background-color: inherit;
        color: #eeeeee;
        float: left;
        border: 1px solid #eeeeee;
        outline: none;
        cursor: pointer;
        padding: 14px 16px;
        transition: 0.3s;
      }

      .tab button:hover {
        background-color: #444444;
      }
      
      .tab button.active {
        background-color: #333333;
      }
    </style>
    <link rel="stylesheet" href="https://cdnjs.cloudflare.com/ajax/libs/font-awesome/4.7.0/css/font-awesome.min.css">
    <link rel="stylesheet" href="https://js.arcgis.com/4.14/esri/themes/light/main.css">
    <script src="https://cdn.plot.ly/plotly-latest.min.js"></script>
    <script src="https://js.arcgis.com/4.14/"></script>
    <script>
      var selected_data = null;
      var LOG_SCALE = false;
      var ENABLE_EXP = false;
      var ENABLE_LOG = false;
      var SLIDER_POS = 52;
      var PLOT_TYPE = "TRACE";
      var all_data = {'Afghanistan': {'name': 'Afghanistan', 'size': 20, 'lat': 33.0, 'lon': 65.0, 'confirmed': [0, 0, 0, 0, 0, 0, 0, 0, 0, 0, 0, 0, 0, 0, 0, 0, 0, 0, 0, 0, 0, 0, 0, 0, 0, 0, 0, 0, 0, 0, 0, 0, 0, 1, 1, 1, 1, 1, 1, 1, 1, 1, 1, 1, 1, 1, 4, 4, 5, 7, 7, 7, 11], 'old': 0, 'growth': [0.0, 0.0, 0.0, 0.0, 0.0, 0.0, 0.0, 0.0, 0.0, 0.0, 0.0, 0.0, 0.0, 0.0, 0.0, 0.0, 0.0, 0.0, 0.0, 0.0, 0.0, 0.0, 0.0, 0.0, 0.0, 0.0, 0.0, 0.0, 0.0, 0.0, 0.0, 0.0, 0.0, 0.0, 0.0, 0.0, 0.0, 0.0, 0.0, 0.0, 0.0, 0.0, 0.0, 0.0, 0.0, 0.0, 0.0, 2.0, 0.0, 0.0, 0.0], 'ages': [], 'recovered': [0, 0, 0, 0, 0, 0, 0, 0, 0, 0, 0, 0, 0, 0, 0, 0, 0, 0, 0, 0, 0, 0, 0, 0, 0, 0, 0, 0, 0, 0, 0, 0, 0, 0, 0, 0, 0, 0, 0, 0, 0, 0, 0, 0, 0, 0, 0, 0, 0, 0, 0, 0, 0], 'deaths': [0, 0, 0, 0, 0, 0, 0, 0, 0, 0, 0, 0, 0, 0, 0, 0, 0, 0, 0, 0, 0, 0, 0, 0, 0, 0, 0, 0, 0, 0, 0, 0, 0, 0, 0, 0, 0, 0, 0, 0, 0, 0, 0, 0, 0, 0, 0, 0, 0, 0, 0, 0, 0], 'log_terms': [19.86646639503016, 0.2904214952857698, 51.99999999999081, 0.1037347505535585], 'log_cov': [[66.14576401238101, -0.37772306211733886, 21.167395902529723, -0.20360791743799928], [-0.37772306211733886, 0.002516583071009614, -0.12372838269152256, 0.0016941562686535966], [21.167395902529723, -0.12372838269152256, 6.8262152352967185, -0.06338663525771068], [-0.20360791743799928, 0.0016941562686535966, -0.06338663525771068, 0.007363376346604629]], 'exp_terms': [80.36783570603829, 0.22494111158678867, 62.0648135606002], 'exp_cov': [[4.9597172248184896e+17, 1367705.4147659887, 3.0416420937760456e+16], [1367705.4147659887, 0.00018741342558480849, 83877.1593377015], [3.0416420937760456e+16, 83877.1593377015, 1865345584690850.8]]}, 'Albania': {'name': 'Albania', 'size': 30, 'lat': 41.1533, 'lon': 20.1683, 'confirmed': [0, 0, 0, 0, 0, 0, 0, 0, 0, 0, 0, 0, 0, 0, 0, 0, 0, 0, 0, 0, 0, 0, 0, 0, 0, 0, 0, 0, 0, 0, 0, 0, 0, 0, 0, 0, 0, 0, 0, 0, 0, 0, 0, 0, 0, 0, 0, 2, 10, 12, 23, 33, 38], 'old': 0, 'growth': [0.0, 0.0, 0.0, 0.0, 0.0, 0.0, 0.0, 0.0, 0.0, 0.0, 0.0, 0.0, 0.0, 0.0, 0.0, 0.0, 0.0, 0.0, 0.0, 0.0, 0.0, 0.0, 0.0, 0.0, 0.0, 0.0, 0.0, 0.0, 0.0, 0.0, 0.0, 0.0, 0.0, 0.0, 0.0, 0.0, 0.0, 0.0, 0.0, 0.0, 0.0, 0.0, 0.0, 0.0, 0.0, 0.0, 4.0, 0.25, 5.5, 0.9090909090909091, 0.5], 'ages': [], 'recovered': [0, 0, 0, 0, 0, 0, 0, 0, 0, 0, 0, 0, 0, 0, 0, 0, 0, 0, 0, 0, 0, 0, 0, 0, 0, 0, 0, 0, 0, 0, 0, 0, 0, 0, 0, 0, 0, 0, 0, 0, 0, 0, 0, 0, 0, 0, 0, 0, 0, 0, 0, 0, 0], 'deaths': [0, 0, 0, 0, 0, 0, 0, 0, 0, 0, 0, 0, 0, 0, 0, 0, 0, 0, 0, 0, 0, 0, 0, 0, 0, 0, 0, 0, 0, 0, 0, 0, 0, 0, 0, 0, 0, 0, 0, 0, 0, 0, 0, 0, 0, 0, 0, 0, 0, 1, 1, 1, 1], 'log_terms': [44.036684163730285, 0.9003241380660059, 49.88235633438894, 1.142469629274356e-16], 'log_cov': [[2.3481255503858685, -0.0637101730437728, 0.15321453765407936, -0.022786305839858897], [-0.0637101730437728, 0.00243208126170378, -0.004180929257129175, 0.0008105189633219567], [0.15321453765407936, -0.004180929257129175, 0.011344260998778066, -0.0004690792007710917], [-0.022786305839858897, 0.0008105189633219567, -0.00046907920077109193, 0.007523449734342722]], 'exp_terms': [93.46651797810516, 0.48412818575711414, 54.03382148828909], 'exp_cov': [[7.193412384171398e+17, 2353667.115198413, 1.9492679731324456e+16], [2353667.115198413, 0.0008998421167272276, 63779.571755940386], [1.9492679731324456e+16, 63779.571755940386, 528211845526989.0]]}, 'Algeria': {'name': 'Algeria', 'size': 30, 'lat': 28.0339, 'lon': 1.6596, 'confirmed': [0, 0, 0, 0, 0, 0, 0, 0, 0, 0, 0, 0, 0, 0, 0, 0, 0, 0, 0, 0, 0, 0, 0, 0, 0, 0, 0, 0, 0, 0, 0, 0, 0, 0, 1, 1, 1, 1, 1, 1, 3, 5, 12, 12, 17, 17, 19, 20, 20, 20, 24, 26, 37], 'old': 0, 'growth': [0.0, 0.0, 0.0, 0.0, 0.0, 0.0, 0.0, 0.0, 0.0, 0.0, 0.0, 0.0, 0.0, 0.0, 0.0, 0.0, 0.0, 0.0, 0.0, 0.0, 0.0, 0.0, 0.0, 0.0, 0.0, 0.0, 0.0, 0.0, 0.0, 0.0, 0.0, 0.0, 0.0, 0.0, 0.0, 0.0, 0.0, 0.0, 0.0, 1.0, 3.5, 0.0, 0.0, 0.0, 0.0, 0.5, 0.0, 0.0, 0.0, 0.5, 5.5], 'ages': [], 'recovered': [0, 0, 0, 0, 0, 0, 0, 0, 0, 0, 0, 0, 0, 0, 0, 0, 0, 0, 0, 0, 0, 0, 0, 0, 0, 0, 0, 0, 0, 0, 0, 0, 0, 0, 0, 0, 0, 0, 0, 0, 0, 0, 0, 0, 0, 0, 0, 0, 0, 0, 8, 8, 12], 'deaths': [0, 0, 0, 0, 0, 0, 0, 0, 0, 0, 0, 0, 0, 0, 0, 0, 0, 0, 0, 0, 0, 0, 0, 0, 0, 0, 0, 0, 0, 0, 0, 0, 0, 0, 0, 0, 0, 0, 0, 0, 0, 0, 0, 0, 0, 0, 0, 0, 0, 0, 1, 2, 3], 'log_terms': [37.00000000062418, 0.27516722400093513, 46.46210857013783, 1.9590856866641118e-11], 'log_cov': [[21.944433752988054, -0.16758613836373298, 4.994813161197177, -0.5074884660479364], [-0.16758613836373298, 0.0016341520243844244, -0.03815128699206114, 0.005305397334784894], [4.994813161197177, -0.03815128699206114, 1.2184315206818537, -0.0676729008766798], [-0.5074884660479364, 0.005305397334784894, -0.0676729008766798, 0.10756362252286757]], 'exp_terms': [85.4044580514072, 0.1585956493979513, 58.01736969081819], 'exp_cov': [[4.6403132733870144e+17, -1899978.0975523517, 3.6909106702671704e+16], [-1899978.0975523517, 0.00011592810886926575, -151124.4884424729], [3.6909106702671704e+16, -151124.4884424729, 2935754715963090.0]]}, 'Andorra': {'name': 'Andorra', 'size': 0, 'lat': 42.5063, 'lon': 1.5218, 'confirmed': [0, 0, 0, 0, 0, 0, 0, 0, 0, 0, 0, 0, 0, 0, 0, 0, 0, 0, 0, 0, 0, 0, 0, 0, 0, 0, 0, 0, 0, 0, 0, 0, 0, 0, 0, 0, 0, 0, 0, 0, 1, 1, 1, 1, 1, 1, 1, 1, 1, 1, 1, 1, 1], 'old': 0, 'growth': [0.0, 0.0, 0.0, 0.0, 0.0, 0.0, 0.0, 0.0, 0.0, 0.0, 0.0, 0.0, 0.0, 0.0, 0.0, 0.0, 0.0, 0.0, 0.0, 0.0, 0.0, 0.0, 0.0, 0.0, 0.0, 0.0, 0.0, 0.0, 0.0, 0.0, 0.0, 0.0, 0.0, 0.0, 0.0, 0.0, 0.0, 0.0, 0.0, 0.0, 0.0, 0.0, 0.0, 0.0, 0.0, 0.0, 0.0, 0.0, 0.0, 0.0, 0.0], 'ages': [], 'recovered': [0, 0, 0, 0, 0, 0, 0, 0, 0, 0, 0, 0, 0, 0, 0, 0, 0, 0, 0, 0, 0, 0, 0, 0, 0, 0, 0, 0, 0, 0, 0, 0, 0, 0, 0, 0, 0, 0, 0, 0, 0, 0, 0, 0, 0, 0, 0, 0, 0, 0, 1, 0, 1], 'deaths': [0, 0, 0, 0, 0, 0, 0, 0, 0, 0, 0, 0, 0, 0, 0, 0, 0, 0, 0, 0, 0, 0, 0, 0, 0, 0, 0, 0, 0, 0, 0, 0, 0, 0, 0, 0, 0, 0, 0, 0, 0, 0, 0, 0, 0, 0, 0, 0, 0, 0, 0, 0, 0], 'log_terms': [1.0005188227015038, 9.999999999999998, 39.50199810714794, 9.045339288614315e-14], 'log_cov': [[1.9162722052302842e-07, -2.813289074886546e-05, 7.400081957579117e-07, -4.508857469310226e-08], [-2.813289074886546e-05, 0.08368424138683929, 3.529488670155649e-05, 6.8238881436314706e-06], [7.400081957579117e-07, 3.52948867015565e-05, 0.00020947607394976244, 3.443330402815019e-07], [-4.5088574693102256e-08, 6.82388814363147e-06, 3.4433304028150185e-07, 4.5088233165751534e-08]], 'exp_terms': [41.71455513757611, 0.10164548508667857, 87.31960644932535], 'exp_cov': [[2.3695013256014352e+17, -455806.7649010871, 5.86775225811599e+16], [-455806.7649010871, 0.0002085608170186102, -112874.5103810219], [5.867752258115991e+16, -112874.51038102193, 1.4530701540707558e+16]]}, 'Antigua and Barbuda': {'name': 'Antigua and Barbuda', 'size': 0, 'lat': 17.0608, 'lon': -61.7964, 'confirmed': [0, 0, 0, 0, 0, 0, 0, 0, 0, 0, 0, 0, 0, 0, 0, 0, 0, 0, 0, 0, 0, 0, 0, 0, 0, 0, 0, 0, 0, 0, 0, 0, 0, 0, 0, 0, 0, 0, 0, 0, 0, 0, 0, 0, 0, 0, 0, 0, 0, 0, 0, 1, 1], 'old': 0, 'growth': [0.0, 0.0, 0.0, 0.0, 0.0, 0.0, 0.0, 0.0, 0.0, 0.0, 0.0, 0.0, 0.0, 0.0, 0.0, 0.0, 0.0, 0.0, 0.0, 0.0, 0.0, 0.0, 0.0, 0.0, 0.0, 0.0, 0.0, 0.0, 0.0, 0.0, 0.0, 0.0, 0.0, 0.0, 0.0, 0.0, 0.0, 0.0, 0.0, 0.0, 0.0, 0.0, 0.0, 0.0, 0.0, 0.0, 0.0, 0.0, 0.0, 0.0, 0.0], 'ages': [], 'recovered': [0, 0, 0, 0, 0, 0, 0, 0, 0, 0, 0, 0, 0, 0, 0, 0, 0, 0, 0, 0, 0, 0, 0, 0, 0, 0, 0, 0, 0, 0, 0, 0, 0, 0, 0, 0, 0, 0, 0, 0, 0, 0, 0, 0, 0, 0, 0, 0, 0, 0, 0, 0, 0], 'deaths': [0, 0, 0, 0, 0, 0, 0, 0, 0, 0, 0, 0, 0, 0, 0, 0, 0, 0, 0, 0, 0, 0, 0, 0, 0, 0, 0, 0, 0, 0, 0, 0, 0, 0, 0, 0, 0, 0, 0, 0, 0, 0, 0, 0, 0, 0, 0, 0, 0, 0, 0, 0, 0], 'log_terms': [1.0039576699352124, 9.999999999999998, 50.517306354584036, 1.3765793343409842e-27], 'log_cov': [[1.3291095832658945e-06, -0.00016661855115879972, 8.287695502833701e-06, -2.6058800585999003e-08], [-0.00016661855115879972, 0.08291447916130273, -0.00010773486727808424, 4.580280404568848e-06], [8.287695502833701e-06, -0.00010773486727808424, 0.0002090736160769433, 2.2366043362119765e-07], [-2.6058800585999003e-08, 4.580280404568848e-06, 2.2366043362119765e-07, 2.6056293614448552e-08]], 'exp_terms': [85.29352923106603, 0.9999997565772253, 58.24444116071721], 'exp_cov': [[1.4997234384294244e+19, -381152371.8597287, 2.536704288359843e+17], [-381152371.85972863, 0.0430202720273209, -6446994.526854914], [2.536704288359843e+17, -6446994.526854914, 4290703526859653.5]]}, 'Argentina': {'name': 'Argentina', 'size': 30, 'lat': -38.4161, 'lon': -63.6167, 'confirmed': [0, 0, 0, 0, 0, 0, 0, 0, 0, 0, 0, 0, 0, 0, 0, 0, 0, 0, 0, 0, 0, 0, 0, 0, 0, 0, 0, 0, 0, 0, 0, 0, 0, 0, 0, 0, 0, 0, 0, 0, 0, 1, 1, 1, 2, 8, 12, 12, 17, 19, 19, 31, 34], 'old': 0, 'growth': [0.0, 0.0, 0.0, 0.0, 0.0, 0.0, 0.0, 0.0, 0.0, 0.0, 0.0, 0.0, 0.0, 0.0, 0.0, 0.0, 0.0, 0.0, 0.0, 0.0, 0.0, 0.0, 0.0, 0.0, 0.0, 0.0, 0.0, 0.0, 0.0, 0.0, 0.0, 0.0, 0.0, 0.0, 0.0, 0.0, 0.0, 0.0, 0.0, 0.0, 0.0, 0.0, 0.0, 6.0, 0.6666666666666666, 0.0, 0.0, 0.4, 0.0, 0.0, 0.25], 'ages': [], 'recovered': [0, 0, 0, 0, 0, 0, 0, 0, 0, 0, 0, 0, 0, 0, 0, 0, 0, 0, 0, 0, 0, 0, 0, 0, 0, 0, 0, 0, 0, 0, 0, 0, 0, 0, 0, 0, 0, 0, 0, 0, 0, 0, 0, 0, 0, 0, 0, 0, 0, 0, 0, 0, 1], 'deaths': [0, 0, 0, 0, 0, 0, 0, 0, 0, 0, 0, 0, 0, 0, 0, 0, 0, 0, 0, 0, 0, 0, 0, 0, 0, 0, 0, 0, 0, 0, 0, 0, 0, 0, 0, 0, 0, 0, 0, 0, 0, 0, 0, 0, 0, 0, 1, 1, 1, 1, 1, 2, 2], 'log_terms': [51.939375440758674, 0.3704892082011794, 50.39423562122698, 2.879099970593557e-19], 'log_cov': [[78.6595826305508, -0.3396714415696704, 8.517617390908287, -0.41580202544586553], [-0.3396714415696704, 0.00176382909001916, -0.03752613009537126, 0.002616592488228059], [8.517617390908285, -0.03752613009537125, 0.9368542442727426, -0.038571204673465025], [-0.41580202544586553, 0.002616592488228059, -0.038571204673465025, 0.03498383195543543]], 'exp_terms': [89.7509927127687, 0.2737618795202897, 55.762741996315825], 'exp_cov': [[1.0854686598139145e+18, -8945443.13261913, 4.99813791807597e+16], [-8945443.13261913, 0.0002753231067857375, -411900.9654688266], [4.99813791807597e+16, -411900.9654688266, 2301437487139558.0]]}, 'Armenia': {'name': 'Armenia', 'size': 20, 'lat': 40.0691, 'lon': 45.0382, 'confirmed': [0, 0, 0, 0, 0, 0, 0, 0, 0, 0, 0, 0, 0, 0, 0, 0, 0, 0, 0, 0, 0, 0, 0, 0, 0, 0, 0, 0, 0, 0, 0, 0, 0, 0, 0, 0, 0, 0, 0, 1, 1, 1, 1, 1, 1, 1, 1, 1, 1, 1, 4, 8, 18], 'old': 0, 'growth': [0.0, 0.0, 0.0, 0.0, 0.0, 0.0, 0.0, 0.0, 0.0, 0.0, 0.0, 0.0, 0.0, 0.0, 0.0, 0.0, 0.0, 0.0, 0.0, 0.0, 0.0, 0.0, 0.0, 0.0, 0.0, 0.0, 0.0, 0.0, 0.0, 0.0, 0.0, 0.0, 0.0, 0.0, 0.0, 0.0, 0.0, 0.0, 0.0, 0.0, 0.0, 0.0, 0.0, 0.0, 0.0, 0.0, 0.0, 0.0, 0.0, 1.3333333333333333, 2.5], 'ages': [], 'recovered': [0, 0, 0, 0, 0, 0, 0, 0, 0, 0, 0, 0, 0, 0, 0, 0, 0, 0, 0, 0, 0, 0, 0, 0, 0, 0, 0, 0, 0, 0, 0, 0, 0, 0, 0, 0, 0, 0, 0, 0, 0, 0, 0, 0, 0, 0, 0, 0, 0, 0, 0, 0, 0], 'deaths': [0, 0, 0, 0, 0, 0, 0, 0, 0, 0, 0, 0, 0, 0, 0, 0, 0, 0, 0, 0, 0, 0, 0, 0, 0, 0, 0, 0, 0, 0, 0, 0, 0, 0, 0, 0, 0, 0, 0, 0, 0, 0, 0, 0, 0, 0, 0, 0, 0, 0, 0, 0, 0], 'log_terms': [35.232840614230895, 1.1547854816067524, 51.99999999999657, 0.19218672765535097], 'log_cov': [[128.53467541066172, -1.8856636048598714, 6.181450162716508, -0.09769585213155287], [-1.8856636048598718, 0.03066596732734692, -0.09187039580473708, 0.0019196615819450597], [6.181450162716508, -0.09187039580473708, 0.2987787716905989, -0.0044474664124939745], [-0.09769585213155287, 0.0019196615819450599, -0.004447466412493975, 0.0034935613106858057]], 'exp_terms': [92.63977225881376, 0.9999999999999999, 54.40944606487009], 'exp_cov': [[1.0813374951043347e+20, 413199.7902016694, 1.6839858736053686e+18], [413199.79020166944, 0.0042544508665808, 6434.824489297744], [1.6839858736053686e+18, 6434.824489297744, 2.622500778287374e+16]]}, 'Aruba': {'name': 'Aruba', 'size': 10, 'lat': 12.5211, 'lon': -69.9683, 'confirmed': [0, 0, 0, 0, 0, 0, 0, 0, 0, 0, 0, 0, 0, 0, 0, 0, 0, 0, 0, 0, 0, 0, 0, 0, 0, 0, 0, 0, 0, 0, 0, 0, 0, 0, 0, 0, 0, 0, 0, 0, 0, 0, 0, 0, 0, 0, 0, 0, 0, 0, 0, 2, 2], 'old': 0, 'growth': [0.0, 0.0, 0.0, 0.0, 0.0, 0.0, 0.0, 0.0, 0.0, 0.0, 0.0, 0.0, 0.0, 0.0, 0.0, 0.0, 0.0, 0.0, 0.0, 0.0, 0.0, 0.0, 0.0, 0.0, 0.0, 0.0, 0.0, 0.0, 0.0, 0.0, 0.0, 0.0, 0.0, 0.0, 0.0, 0.0, 0.0, 0.0, 0.0, 0.0, 0.0, 0.0, 0.0, 0.0, 0.0, 0.0, 0.0, 0.0, 0.0, 0.0, 0.0], 'ages': [], 'recovered': [0, 0, 0, 0, 0, 0, 0, 0, 0, 0, 0, 0, 0, 0, 0, 0, 0, 0, 0, 0, 0, 0, 0, 0, 0, 0, 0, 0, 0, 0, 0, 0, 0, 0, 0, 0, 0, 0, 0, 0, 0, 0, 0, 0, 0, 0, 0, 0, 0, 0, 0, 0, 0], 'deaths': [0, 0, 0, 0, 0, 0, 0, 0, 0, 0, 0, 0, 0, 0, 0, 0, 0, 0, 0, 0, 0, 0, 0, 0, 0, 0, 0, 0, 0, 0, 0, 0, 0, 0, 0, 0, 0, 0, 0, 0, 0, 0, 0, 0, 0, 0, 0, 0, 0, 0, 0, 0, 0], 'log_terms': [2.0079153367541465, 9.999999999999998, 50.517306315592855, 2.1814140533601788e-27], 'log_cov': [[5.3164383336388726e-06, -0.00033323730267403753, 1.657540031069039e-05, -1.0423520234763878e-07], [-0.0003332373026740375, 0.08291451723224345, -0.00010773874608405996, 9.160559356946502e-06], [1.657540031069039e-05, -0.00010773874608405996, 0.00020907362854123875, 4.473206255617621e-07], [-1.0423520234763877e-07, 9.160559356946502e-06, 4.473206255617621e-07, 1.0422517445781288e-07]], 'exp_terms': [87.16408371856629, 0.999999954003835, 57.2757376387906], 'exp_cov': [[6.295802952158013e+18, -107586407.51381016, 1.04204924914397e+17], [-107586407.51381016, 0.03517185935732792, -1780715.5737072679], [1.04204924914397e+17, -1780715.5737072679, 1724746860556220.0]]}, 'Australia': {'name': 'Australia', 'size': 50, 'lat': -24.6483001, 'lon': 133.948055, 'confirmed': [0, 0, 0, 0, 4, 5, 5, 6, 9, 9, 12, 12, 12, 13, 13, 14, 15, 15, 15, 15, 15, 15, 15, 15, 15, 15, 15, 15, 15, 15, 19, 22, 22, 22, 22, 22, 23, 23, 25, 27, 30, 39, 52, 55, 60, 63, 76, 91, 107, 128, 128, 200, 250], 'recovered': [0, 0, 0, 0, 0, 0, 0, 0, 2, 2, 2, 2, 2, 2, 2, 2, 2, 2, 2, 2, 2, 2, 8, 8, 8, 8, 10, 10, 10, 10, 11, 11, 11, 11, 11, 11, 11, 11, 11, 11, 11, 11, 11, 21, 21, 21, 21, 21, 21, 21, 21, 23, 23], 'deaths': [0, 0, 0, 0, 0, 0, 0, 0, 0, 0, 0, 0, 0, 0, 0, 0, 0, 0, 0, 0, 0, 0, 0, 0, 0, 0, 0, 0, 0, 0, 0, 0, 0, 0, 0, 0, 0, 0, 0, 1, 1, 1, 2, 2, 2, 2, 3, 3, 3, 3, 3, 3, 3], 'growth': [0.0, 0.0, 0.0, 0.25, 0.0, 0.0, 3.0, 0.0, 0.0, 0.0, 0.0, 0.0, 0.0, 0.0, 1.0, 0.0, 0.0, 0.0, 0.0, 0.0, 0.0, 0.0, 0.0, 0.0, 0.0, 0.0, 0.0, 0.0, 0.0, 0.75, 0.0, 0.0, 0.0, 0.0, 0.0, 0.0, 0.0, 1.0, 1.5, 3.0, 1.4444444444444444, 0.23076923076923078, 1.6666666666666667, 0.6, 4.333333333333333, 1.1538461538461537, 1.0666666666666667, 1.3125, 0.0, 0.0, 0.6944444444444444], 'old': 0, 'log_terms': [420.96539715555866, 0.2694344544727985, 51.99999999999999, 9.999999999999998], 'log_cov': [[23552.273808004695, -5.878977293510746, 382.623304107889, -79.78892433021039], [-5.878977293510746, 0.0017109518380326344, -0.09773279995023396, 0.0289106184060085], [382.623304107889, -0.09773279995023396, 6.263590707290362, -1.2627789352625323], [-79.78892433021039, 0.028910618406008507, -1.2627789352625323, 2.857352371545574]], 'exp_terms': [106.36776149514432, 0.17303667019042748, 47.40790437032469], 'exp_cov': [[3.748171384802567e+17, -1587889.8641197772, 2.2079432326119884e+16], [-1587889.8641197772, 0.00011324200129136115, -93538.16243882902], [2.2079432326119884e+16, -93538.16243882901, 1300637782520680.0]]}, 'Austria': {'name': 'Austria', 'size': 60, 'lat': 47.5162, 'lon': 14.5501, 'confirmed': [0, 0, 0, 0, 0, 0, 0, 0, 0, 0, 0, 0, 0, 0, 0, 0, 0, 0, 0, 0, 0, 0, 0, 0, 0, 0, 0, 0, 0, 0, 0, 0, 0, 0, 2, 2, 3, 3, 9, 14, 18, 21, 29, 41, 55, 79, 104, 131, 182, 246, 302, 504, 655], 'old': 0, 'growth': [0.0, 0.0, 0.0, 0.0, 0.0, 0.0, 0.0, 0.0, 0.0, 0.0, 0.0, 0.0, 0.0, 0.0, 0.0, 0.0, 0.0, 0.0, 0.0, 0.0, 0.0, 0.0, 0.0, 0.0, 0.0, 0.0, 0.0, 0.0, 0.0, 0.0, 0.0, 0.0, 0.0, 0.0, 0.0, 0.0, 0.0, 0.8333333333333334, 0.8, 0.75, 2.6666666666666665, 1.5, 1.1666666666666667, 1.7142857142857142, 1.0416666666666667, 1.08, 1.8888888888888888, 1.2549019607843137, 0.875, 3.607142857142857, 0.7475247524752475], 'ages': [], 'recovered': [0, 0, 0, 0, 0, 0, 0, 0, 0, 0, 0, 0, 0, 0, 0, 0, 0, 0, 0, 0, 0, 0, 0, 0, 0, 0, 0, 0, 0, 0, 0, 0, 0, 0, 0, 0, 0, 0, 0, 0, 0, 0, 0, 0, 0, 0, 0, 2, 4, 4, 4, 6, 6], 'deaths': [0, 0, 0, 0, 0, 0, 0, 0, 0, 0, 0, 0, 0, 0, 0, 0, 0, 0, 0, 0, 0, 0, 0, 0, 0, 0, 0, 0, 0, 0, 0, 0, 0, 0, 0, 0, 0, 0, 0, 0, 0, 0, 0, 0, 0, 0, 0, 0, 0, 0, 1, 1, 1], 'log_terms': [1258.4837993530648, 0.4530022908711529, 51.99999999999999, 2.789664550513043], 'log_cov': [[52291.11642679603, -7.555982656424632, 171.76628687622843, -97.65520315217948], [-7.555982656424632, 0.0012734320900668322, -0.025414299613111025, 0.0207306451637813], [171.76628687622843, -0.025414299613111025, 0.5686918667285932, -0.30903792638492844], [-97.65520315217948, 0.0207306451637813, -0.30903792638492844, 3.759124199670683]], 'exp_terms': [104.22963292982502, 0.3810144287396705, 46.299679613817766], 'exp_cov': [[6.381417461827849e+16, 87733.72473147903, 1896565382302963.8], [87733.72473147901, 5.3410062284599765e-05, 2607.458002153987], [1896565382302963.5, 2607.458002153987, 56366164270965.875]]}, 'Azerbaijan': {'name': 'Azerbaijan', 'size': 20, 'lat': 40.1431, 'lon': 47.5769, 'confirmed': [0, 0, 0, 0, 0, 0, 0, 0, 0, 0, 0, 0, 0, 0, 0, 0, 0, 0, 0, 0, 0, 0, 0, 0, 0, 0, 0, 0, 0, 0, 0, 0, 0, 0, 0, 0, 0, 0, 0, 3, 3, 3, 3, 6, 6, 9, 9, 9, 11, 11, 11, 15, 15], 'old': 0, 'growth': [0.0, 0.0, 0.0, 0.0, 0.0, 0.0, 0.0, 0.0, 0.0, 0.0, 0.0, 0.0, 0.0, 0.0, 0.0, 0.0, 0.0, 0.0, 0.0, 0.0, 0.0, 0.0, 0.0, 0.0, 0.0, 0.0, 0.0, 0.0, 0.0, 0.0, 0.0, 0.0, 0.0, 0.0, 0.0, 0.0, 0.0, 0.0, 0.0, 0.0, 0.0, 0.0, 0.0, 0.0, 0.0, 0.0, 0.0, 0.0, 0.0, 0.0, 0.0], 'ages': [], 'recovered': [0, 0, 0, 0, 0, 0, 0, 0, 0, 0, 0, 0, 0, 0, 0, 0, 0, 0, 0, 0, 0, 0, 0, 0, 0, 0, 0, 0, 0, 0, 0, 0, 0, 0, 0, 0, 0, 0, 0, 0, 0, 0, 0, 0, 0, 0, 0, 0, 0, 3, 3, 3, 3], 'deaths': [0, 0, 0, 0, 0, 0, 0, 0, 0, 0, 0, 0, 0, 0, 0, 0, 0, 0, 0, 0, 0, 0, 0, 0, 0, 0, 0, 0, 0, 0, 0, 0, 0, 0, 0, 0, 0, 0, 0, 0, 0, 0, 0, 0, 0, 0, 0, 0, 0, 0, 0, 1, 1], 'log_terms': [15.749364388806091, 0.32414003134140207, 45.364402079522705, 1.6077432119603507e-17], 'log_cov': [[1.0103890233691324, -0.027950251863249797, 0.48274069064569414, -0.03488895931729245], [-0.027950251863249797, 0.0010680666979874338, -0.013226373808446554, 0.0012518025956095565], [0.48274069064569414, -0.013226373808446554, 0.27201758559269756, -0.005368708148866436], [-0.03488895931729245, 0.0012518025956095565, -0.005368708148866437, 0.011694490431617577]], 'exp_terms': [76.33877104033077, 0.15586745458375886, 62.459798693488025], 'exp_cov': [[5.0538845505253914e+17, 2117975.655600304, 4.570443732135572e+16], [2117975.6556003033, 9.921762125602176e-05, 191537.58058357917], [4.570443732135572e+16, 191537.58058357917, 4133247544494416.0]]}, 'Bahrain': {'name': 'Bahrain', 'size': 50, 'lat': 26.0275, 'lon': 50.55, 'confirmed': [0, 0, 0, 0, 0, 0, 0, 0, 0, 0, 0, 0, 0, 0, 0, 0, 0, 0, 0, 0, 0, 0, 0, 0, 0, 0, 0, 0, 0, 0, 0, 0, 0, 1, 23, 33, 33, 36, 41, 47, 49, 49, 52, 55, 60, 85, 85, 95, 110, 195, 195, 189, 210], 'old': 0, 'growth': [0.0, 0.0, 0.0, 0.0, 0.0, 0.0, 0.0, 0.0, 0.0, 0.0, 0.0, 0.0, 0.0, 0.0, 0.0, 0.0, 0.0, 0.0, 0.0, 0.0, 0.0, 0.0, 0.0, 0.0, 0.0, 0.0, 0.0, 0.0, 0.0, 0.0, 0.0, 0.0, 22.0, 0.45454545454545453, 0.0, 0.0, 1.6666666666666667, 1.2, 0.3333333333333333, 0.0, 0.0, 1.0, 1.6666666666666667, 5.0, 0.0, 0.0, 1.5, 5.666666666666667, 0.0, 0.0, -3.5], 'ages': [], 'recovered': [0, 0, 0, 0, 0, 0, 0, 0, 0, 0, 0, 0, 0, 0, 0, 0, 0, 0, 0, 0, 0, 0, 0, 0, 0, 0, 0, 0, 0, 0, 0, 0, 0, 0, 0, 0, 0, 0, 0, 0, 0, 0, 0, 0, 4, 4, 4, 14, 22, 35, 35, 44, 44], 'deaths': [0, 0, 0, 0, 0, 0, 0, 0, 0, 0, 0, 0, 0, 0, 0, 0, 0, 0, 0, 0, 0, 0, 0, 0, 0, 0, 0, 0, 0, 0, 0, 0, 0, 0, 0, 0, 0, 0, 0, 0, 0, 0, 0, 0, 0, 0, 0, 0, 0, 0, 0, 0, 0], 'log_terms': [430.23954221590265, 0.19442174470134374, 51.99999999999999, 3.43694978300562e-07], 'log_cov': [[24632.425932147682, -4.373777895765072, 538.3116584024648, -133.91355980462117], [-4.373777895765072, 0.0008997204453399442, -0.09757992030349837, 0.03357510090639621], [538.3116584024648, -0.09757992030349837, 11.847953244058152, -2.866498304247672], [-133.91355980462117, 0.03357510090639621, -2.866498304247672, 4.630359373892809]], 'exp_terms': [104.23668763111579, 0.15411426978133505, 46.55256686697549], 'exp_cov': [[2.5378786127919376e+17, 944787.9161945044, 1.6986484883984426e+16], [944787.9161945041, 6.38027633927827e-05, 63236.38097325577], [1.6986484883984422e+16, 63236.38097325576, 1136936444712010.0]]}, 'Bangladesh': {'name': 'Bangladesh', 'size': 10, 'lat': 23.685, 'lon': 90.3563, 'confirmed': [0, 0, 0, 0, 0, 0, 0, 0, 0, 0, 0, 0, 0, 0, 0, 0, 0, 0, 0, 0, 0, 0, 0, 0, 0, 0, 0, 0, 0, 0, 0, 0, 0, 0, 0, 0, 0, 0, 0, 0, 0, 0, 0, 0, 0, 0, 3, 3, 3, 3, 3, 3, 3], 'old': 0, 'growth': [0.0, 0.0, 0.0, 0.0, 0.0, 0.0, 0.0, 0.0, 0.0, 0.0, 0.0, 0.0, 0.0, 0.0, 0.0, 0.0, 0.0, 0.0, 0.0, 0.0, 0.0, 0.0, 0.0, 0.0, 0.0, 0.0, 0.0, 0.0, 0.0, 0.0, 0.0, 0.0, 0.0, 0.0, 0.0, 0.0, 0.0, 0.0, 0.0, 0.0, 0.0, 0.0, 0.0, 0.0, 0.0, 0.0, 0.0, 0.0, 0.0, 0.0, 0.0], 'ages': [], 'recovered': [0, 0, 0, 0, 0, 0, 0, 0, 0, 0, 0, 0, 0, 0, 0, 0, 0, 0, 0, 0, 0, 0, 0, 0, 0, 0, 0, 0, 0, 0, 0, 0, 0, 0, 0, 0, 0, 0, 0, 0, 0, 0, 0, 0, 0, 0, 0, 0, 0, 0, 0, 0, 0], 'deaths': [0, 0, 0, 0, 0, 0, 0, 0, 0, 0, 0, 0, 0, 0, 0, 0, 0, 0, 0, 0, 0, 0, 0, 0, 0, 0, 0, 0, 0, 0, 0, 0, 0, 0, 0, 0, 0, 0, 0, 0, 0, 0, 0, 0, 0, 0, 0, 0, 0, 0, 0, 0, 0], 'log_terms': [3.002947464418833, 9.999999999999396, 45.50384388728725, 2.955421109881328e-14], 'log_cov': [[2.883339772363213e-06, -0.00013843086891898222, 5.305758902914097e-06, -3.3921247618063736e-07], [-0.00013843086891898222, 0.08347109608066257, 1.2230218844287383e-05, 1.7423258319571018e-05], [5.305758902914097e-06, 1.2230218844287383e-05, 0.0002091195962721204, 8.757432167593112e-07], [-3.3921247618063736e-07, 1.7423258319571018e-05, 8.757432167593112e-07, 3.392073297862295e-07]], 'exp_terms': [80.04608925176994, 0.1981453238663664, 68.64289689123372], 'exp_cov': [[1.4023181440226698e+18, 228275.11933694914, 9.690999897355971e+16], [228275.11933694917, 0.0008514403177385395, 15775.33406240473], [9.690999897355973e+16, 15775.33406240473, 6697159229584590.0]]}, 'Belarus': {'name': 'Belarus', 'size': 30, 'lat': 53.7098, 'lon': 27.9534, 'confirmed': [0, 0, 0, 0, 0, 0, 0, 0, 0, 0, 0, 0, 0, 0, 0, 0, 0, 0, 0, 0, 0, 0, 0, 0, 0, 0, 0, 0, 0, 0, 0, 0, 0, 0, 0, 0, 0, 1, 1, 1, 1, 1, 6, 6, 6, 6, 6, 6, 9, 9, 12, 27, 27], 'old': 0, 'growth': [0.0, 0.0, 0.0, 0.0, 0.0, 0.0, 0.0, 0.0, 0.0, 0.0, 0.0, 0.0, 0.0, 0.0, 0.0, 0.0, 0.0, 0.0, 0.0, 0.0, 0.0, 0.0, 0.0, 0.0, 0.0, 0.0, 0.0, 0.0, 0.0, 0.0, 0.0, 0.0, 0.0, 0.0, 0.0, 0.0, 0.0, 0.0, 0.0, 0.0, 0.0, 0.0, 0.0, 0.0, 0.0, 0.0, 0.0, 0.0, 0.0, 5.0, 0.0], 'ages': [], 'recovered': [0, 0, 0, 0, 0, 0, 0, 0, 0, 0, 0, 0, 0, 0, 0, 0, 0, 0, 0, 0, 0, 0, 0, 0, 0, 0, 0, 0, 0, 0, 0, 0, 0, 0, 0, 0, 0, 0, 0, 0, 0, 0, 0, 0, 0, 0, 0, 1, 3, 3, 3, 3, 3], 'deaths': [0, 0, 0, 0, 0, 0, 0, 0, 0, 0, 0, 0, 0, 0, 0, 0, 0, 0, 0, 0, 0, 0, 0, 0, 0, 0, 0, 0, 0, 0, 0, 0, 0, 0, 0, 0, 0, 0, 0, 0, 0, 0, 0, 0, 0, 0, 0, 0, 0, 0, 0, 0, 0], 'log_terms': [52.324070787301416, 0.3691939878897023, 51.99999999999999, 0.2505601257530621], 'log_cov': [[802.4123030145515, -2.2368782719902778, 77.24179431474516, -1.8624331010147768], [-2.2368782719902778, 0.007280866971989742, -0.22051431996780904, 0.0076200956029449235], [77.24179431474516, -0.22051431996780907, 7.494181606805264, -0.17355211072043522], [-1.8624331010147765, 0.0076200956029449235, -0.17355211072043522, 0.0696372277613032]], 'exp_terms': [88.18586633597111, 0.29169149166795666, 56.5609181076121], 'exp_cov': [[1.1696927495853376e+18, -10312285.088539049, 5.182189941340071e+16], [-10312285.088539049, 0.0005920887000824736, -456874.0051690345], [5.182189941340071e+16, -456874.0051690345, 2295909981287520.5]]}, 'Belgium': {'name': 'Belgium', 'size': 60, 'lat': 50.8333, 'lon': 4.0, 'confirmed': [0, 0, 0, 0, 0, 0, 0, 0, 0, 0, 0, 0, 0, 1, 1, 1, 1, 1, 1, 1, 1, 1, 1, 1, 1, 1, 1, 1, 1, 1, 1, 1, 1, 1, 1, 1, 1, 1, 1, 2, 8, 13, 23, 50, 109, 169, 200, 239, 267, 314, 314, 559, 689], 'old': 0, 'growth': [0.0, 0.0, 0.0, 0.0, 0.0, 0.0, 0.0, 0.0, 0.0, 0.0, 0.0, 0.0, 0.0, 0.0, 0.0, 0.0, 0.0, 0.0, 0.0, 0.0, 0.0, 0.0, 0.0, 0.0, 0.0, 0.0, 0.0, 0.0, 0.0, 0.0, 0.0, 0.0, 0.0, 0.0, 0.0, 0.0, 0.0, 0.0, 6.0, 0.8333333333333334, 2.0, 2.7, 2.185185185185185, 1.0169491525423728, 0.5166666666666667, 1.2580645161290323, 0.717948717948718, 1.6785714285714286, 0.0, 0.0, 0.5306122448979592], 'ages': [], 'recovered': [0, 0, 0, 0, 0, 0, 0, 0, 0, 0, 0, 0, 0, 0, 0, 0, 0, 0, 0, 0, 0, 0, 0, 0, 0, 0, 1, 1, 1, 1, 1, 1, 1, 1, 1, 1, 1, 1, 1, 1, 1, 1, 1, 1, 1, 1, 1, 1, 1, 1, 1, 1, 1], 'deaths': [0, 0, 0, 0, 0, 0, 0, 0, 0, 0, 0, 0, 0, 0, 0, 0, 0, 0, 0, 0, 0, 0, 0, 0, 0, 0, 0, 0, 0, 0, 0, 0, 0, 0, 0, 0, 0, 0, 0, 0, 0, 0, 0, 0, 0, 0, 0, 0, 0, 3, 3, 3, 4], 'log_terms': [1278.4048131163293, 0.330985335640501, 51.99999999999999, 2.0130627323986774e-09], 'log_cov': [[157752.61610980346, -16.035996103716677, 690.9424460240414, -414.63138079256163], [-16.035996103716677, 0.0019031614700760948, -0.07191897955315757, 0.0617099237303223], [690.9424460240414, -0.07191897955315756, 3.0499975329692224, -1.7621256296158143], [-414.63138079256163, 0.0617099237303223, -1.7621256296158143, 15.265497023972914]], 'exp_terms': [111.95615934838627, 0.2823899066683503, 44.75743179548984], 'exp_cov': [[2.6502494793885658e+17, 3636806.4252946232, 9517405565766404.0], [3636806.4252946232, 0.00021106096938811015, 130602.65739112829], [9517405565766404.0, 130602.65739112829, 341782950653306.56]]}, 'Bhutan': {'name': 'Bhutan', 'size': 0, 'lat': 27.5142, 'lon': 90.4336, 'confirmed': [0, 0, 0, 0, 0, 0, 0, 0, 0, 0, 0, 0, 0, 0, 0, 0, 0, 0, 0, 0, 0, 0, 0, 0, 0, 0, 0, 0, 0, 0, 0, 0, 0, 0, 0, 0, 0, 0, 0, 0, 0, 0, 0, 0, 1, 1, 1, 1, 1, 1, 1, 1, 1], 'old': 0, 'growth': [0.0, 0.0, 0.0, 0.0, 0.0, 0.0, 0.0, 0.0, 0.0, 0.0, 0.0, 0.0, 0.0, 0.0, 0.0, 0.0, 0.0, 0.0, 0.0, 0.0, 0.0, 0.0, 0.0, 0.0, 0.0, 0.0, 0.0, 0.0, 0.0, 0.0, 0.0, 0.0, 0.0, 0.0, 0.0, 0.0, 0.0, 0.0, 0.0, 0.0, 0.0, 0.0, 0.0, 0.0, 0.0, 0.0, 0.0, 0.0, 0.0, 0.0, 0.0], 'ages': [], 'recovered': [0, 0, 0, 0, 0, 0, 0, 0, 0, 0, 0, 0, 0, 0, 0, 0, 0, 0, 0, 0, 0, 0, 0, 0, 0, 0, 0, 0, 0, 0, 0, 0, 0, 0, 0, 0, 0, 0, 0, 0, 0, 0, 0, 0, 0, 0, 0, 0, 0, 0, 0, 0, 0], 'deaths': [0, 0, 0, 0, 0, 0, 0, 0, 0, 0, 0, 0, 0, 0, 0, 0, 0, 0, 0, 0, 0, 0, 0, 0, 0, 0, 0, 0, 0, 0, 0, 0, 0, 0, 0, 0, 0, 0, 0, 0, 0, 0, 0, 0, 0, 0, 0, 0, 0, 0, 0, 0, 0], 'log_terms': [1.000756878107243, 9.999999999999998, 43.50293706205541, 6.0030208994058845e-15], 'log_cov': [[2.559518219719615e-07, -3.72126371059708e-05, 1.275879164719178e-06, -4.0148989583185404e-08], [-3.72126371059708e-05, 0.08354937236472748, 2.2164069538756138e-05, 6.132165940581203e-06], [1.275879164719178e-06, 2.2164069538756138e-05, 0.00020922717035663386, 3.088137631769384e-07], [-4.0148989583185404e-08, 6.132165940581202e-06, 3.088137631769384e-07, 4.0148533968403886e-08]], 'exp_terms': [66.48418004470494, 0.1505181036598018, 79.84564231256455], 'exp_cov': [[3.368167485502607e+17, -2923368.500357781, 3.613175754479722e+16], [-2923368.50035778, 0.000498381126670464, -313602.197263479], [3.613175754479722e+16, -313602.19726347906, 3876006489864935.5]]}, 'Bolivia': {'name': 'Bolivia', 'size': 20, 'lat': -16.2902, 'lon': -63.5887, 'confirmed': [0, 0, 0, 0, 0, 0, 0, 0, 0, 0, 0, 0, 0, 0, 0, 0, 0, 0, 0, 0, 0, 0, 0, 0, 0, 0, 0, 0, 0, 0, 0, 0, 0, 0, 0, 0, 0, 0, 0, 0, 0, 0, 0, 0, 0, 0, 0, 0, 0, 2, 2, 3, 10], 'old': 0, 'growth': [0.0, 0.0, 0.0, 0.0, 0.0, 0.0, 0.0, 0.0, 0.0, 0.0, 0.0, 0.0, 0.0, 0.0, 0.0, 0.0, 0.0, 0.0, 0.0, 0.0, 0.0, 0.0, 0.0, 0.0, 0.0, 0.0, 0.0, 0.0, 0.0, 0.0, 0.0, 0.0, 0.0, 0.0, 0.0, 0.0, 0.0, 0.0, 0.0, 0.0, 0.0, 0.0, 0.0, 0.0, 0.0, 0.0, 0.0, 0.0, 0.0, 0.0, 7.0], 'ages': [], 'recovered': [0, 0, 0, 0, 0, 0, 0, 0, 0, 0, 0, 0, 0, 0, 0, 0, 0, 0, 0, 0, 0, 0, 0, 0, 0, 0, 0, 0, 0, 0, 0, 0, 0, 0, 0, 0, 0, 0, 0, 0, 0, 0, 0, 0, 0, 0, 0, 0, 0, 0, 0, 0, 0], 'deaths': [0, 0, 0, 0, 0, 0, 0, 0, 0, 0, 0, 0, 0, 0, 0, 0, 0, 0, 0, 0, 0, 0, 0, 0, 0, 0, 0, 0, 0, 0, 0, 0, 0, 0, 0, 0, 0, 0, 0, 0, 0, 0, 0, 0, 0, 0, 0, 0, 0, 0, 0, 0, 0], 'log_terms': [19.38717201696049, 1.347515009693016, 51.99999999999999, 0.030702344984060395], 'log_cov': [[97.3508849300538, -3.0450682224993924, 7.347390993178157, -0.06062590437967144], [-3.045068222499392, 0.10319623876994356, -0.23191555632063318, 0.0024302547333910386], [7.3473909931781565, -0.23191555632063318, 0.5565781517961639, -0.004350845003233367], [-0.06062590437967143, 0.0024302547333910386, -0.004350845003233367, 0.001866030631783593]], 'exp_terms': [90.88774254023105, 0.9999999999999997, 55.30634170258945], 'exp_cov': [[1.9539970299404665e+20, 424663581.50247747, 3.1016532575012076e+18], [424663581.50247747, 0.008044958365245955, 6740845.339440971], [3.1016532575012076e+18, 6740845.339440971, 4.92337131651677e+16]]}, 'Bosnia and Herzegovina': {'name': 'Bosnia and Herzegovina', 'size': 20, 'lat': 43.9159, 'lon': 17.6791, 'confirmed': [0, 0, 0, 0, 0, 0, 0, 0, 0, 0, 0, 0, 0, 0, 0, 0, 0, 0, 0, 0, 0, 0, 0, 0, 0, 0, 0, 0, 0, 0, 0, 0, 0, 0, 0, 0, 0, 0, 0, 0, 0, 0, 0, 2, 2, 3, 3, 3, 5, 7, 11, 13, 18], 'old': 0, 'growth': [0.0, 0.0, 0.0, 0.0, 0.0, 0.0, 0.0, 0.0, 0.0, 0.0, 0.0, 0.0, 0.0, 0.0, 0.0, 0.0, 0.0, 0.0, 0.0, 0.0, 0.0, 0.0, 0.0, 0.0, 0.0, 0.0, 0.0, 0.0, 0.0, 0.0, 0.0, 0.0, 0.0, 0.0, 0.0, 0.0, 0.0, 0.0, 0.0, 0.0, 0.0, 0.0, 0.0, 0.0, 0.0, 0.0, 0.0, 1.0, 2.0, 0.5, 2.5], 'ages': [], 'recovered': [0, 0, 0, 0, 0, 0, 0, 0, 0, 0, 0, 0, 0, 0, 0, 0, 0, 0, 0, 0, 0, 0, 0, 0, 0, 0, 0, 0, 0, 0, 0, 0, 0, 0, 0, 0, 0, 0, 0, 0, 0, 0, 0, 0, 0, 0, 0, 0, 0, 0, 0, 0, 0], 'deaths': [0, 0, 0, 0, 0, 0, 0, 0, 0, 0, 0, 0, 0, 0, 0, 0, 0, 0, 0, 0, 0, 0, 0, 0, 0, 0, 0, 0, 0, 0, 0, 0, 0, 0, 0, 0, 0, 0, 0, 0, 0, 0, 0, 0, 0, 0, 0, 0, 0, 0, 0, 0, 0], 'log_terms': [34.744009909102, 0.4223629723229887, 51.99999999999999, 0.018657036341115193], 'log_cov': [[46.44932518933334, -0.2253073205239424, 5.912657650124691, -0.09325783322682771], [-0.2253073205239424, 0.0012753825807163754, -0.029369928574744214, 0.0006646950907430875], [5.91265765012469, -0.02936992857474421, 0.7586064263395299, -0.011456111313481475], [-0.09325783322682771, 0.0006646950907430875, -0.011456111313481475, 0.0035546310140695744]], 'exp_terms': [87.05016527781409, 0.35812049030520887, 57.127077066416994], 'exp_cov': [[5.046769815840722e+17, 4530874.831179816, 1.8939919840549676e+16], [4530874.831179816, 0.000155649111261905, 170038.27866268216], [1.8939919840549676e+16, 170038.27866268216, 710792401191948.2]]}, 'Brazil': {'name': 'Brazil', 'size': 50, 'lat': -14.235, 'lon': -51.9253, 'confirmed': [0, 0, 0, 0, 0, 0, 0, 0, 0, 0, 0, 0, 0, 0, 0, 0, 0, 0, 0, 0, 0, 0, 0, 0, 0, 0, 0, 0, 0, 0, 0, 0, 0, 0, 0, 1, 1, 1, 2, 2, 2, 2, 4, 4, 13, 13, 20, 25, 31, 38, 52, 151, 151], 'old': 0, 'growth': [0.0, 0.0, 0.0, 0.0, 0.0, 0.0, 0.0, 0.0, 0.0, 0.0, 0.0, 0.0, 0.0, 0.0, 0.0, 0.0, 0.0, 0.0, 0.0, 0.0, 0.0, 0.0, 0.0, 0.0, 0.0, 0.0, 0.0, 0.0, 0.0, 0.0, 0.0, 0.0, 0.0, 0.0, 0.0, 0.0, 0.0, 0.0, 0.0, 0.0, 0.0, 0.0, 0.0, 0.0, 0.0, 0.7142857142857143, 1.2, 1.1666666666666667, 2.0, 7.071428571428571, 0.0], 'ages': [], 'recovered': [0, 0, 0, 0, 0, 0, 0, 0, 0, 0, 0, 0, 0, 0, 0, 0, 0, 0, 0, 0, 0, 0, 0, 0, 0, 0, 0, 0, 0, 0, 0, 0, 0, 0, 0, 0, 0, 0, 0, 0, 0, 0, 0, 0, 0, 0, 0, 0, 0, 0, 0, 0, 0], 'deaths': [0, 0, 0, 0, 0, 0, 0, 0, 0, 0, 0, 0, 0, 0, 0, 0, 0, 0, 0, 0, 0, 0, 0, 0, 0, 0, 0, 0, 0, 0, 0, 0, 0, 0, 0, 0, 0, 0, 0, 0, 0, 0, 0, 0, 0, 0, 0, 0, 0, 0, 0, 0, 0], 'log_terms': [292.75813458220114, 0.6133611339404224, 51.67415526434155, 0.9035725313551998], 'log_cov': [[11231.704429091042, -11.34239384624325, 123.58350868586851, -20.879253462669393], [-11.34239384624325, 0.013427773458985548, -0.12758544723408133, 0.030754382202722325], [123.58350868586851, -0.12758544723408133, 1.372850000667916, -0.21188868890938034], [-20.879253462669393, 0.030754382202722325, -0.21188868890938034, 1.1188841401438152]], 'exp_terms': [100.01967964119973, 0.4834236194984081, 50.738836298377954], 'exp_cov': [[7.280774249104095e+17, -20357730.774686076, 1.845896655639116e+16], [-20357730.774686072, 0.0020486960728529455, -516130.0953558681], [1.845896655639116e+16, -516130.09535586816, 467990676090382.6]]}, 'Brunei': {'name': 'Brunei', 'size': 30, 'lat': 4.5353, 'lon': 114.7277, 'confirmed': [0, 0, 0, 0, 0, 0, 0, 0, 0, 0, 0, 0, 0, 0, 0, 0, 0, 0, 0, 0, 0, 0, 0, 0, 0, 0, 0, 0, 0, 0, 0, 0, 0, 0, 0, 0, 0, 0, 0, 0, 0, 0, 0, 0, 0, 0, 0, 1, 1, 11, 11, 37, 40], 'old': 0, 'growth': [0.0, 0.0, 0.0, 0.0, 0.0, 0.0, 0.0, 0.0, 0.0, 0.0, 0.0, 0.0, 0.0, 0.0, 0.0, 0.0, 0.0, 0.0, 0.0, 0.0, 0.0, 0.0, 0.0, 0.0, 0.0, 0.0, 0.0, 0.0, 0.0, 0.0, 0.0, 0.0, 0.0, 0.0, 0.0, 0.0, 0.0, 0.0, 0.0, 0.0, 0.0, 0.0, 0.0, 0.0, 0.0, 0.0, 0.0, 0.0, 0.0, 0.0, 0.11538461538461539], 'ages': [], 'recovered': [0, 0, 0, 0, 0, 0, 0, 0, 0, 0, 0, 0, 0, 0, 0, 0, 0, 0, 0, 0, 0, 0, 0, 0, 0, 0, 0, 0, 0, 0, 0, 0, 0, 0, 0, 0, 0, 0, 0, 0, 0, 0, 0, 0, 0, 0, 0, 0, 0, 0, 0, 0, 0], 'deaths': [0, 0, 0, 0, 0, 0, 0, 0, 0, 0, 0, 0, 0, 0, 0, 0, 0, 0, 0, 0, 0, 0, 0, 0, 0, 0, 0, 0, 0, 0, 0, 0, 0, 0, 0, 0, 0, 0, 0, 0, 0, 0, 0, 0, 0, 0, 0, 0, 0, 0, 0, 0, 0], 'log_terms': [45.19263056294777, 1.5213771399618734, 50.36389212336963, 0.06474868098780316], 'log_cov': [[6.989811512368153, -0.4060400760113732, 0.28194620798732234, -0.07539160465354856], [-0.40604007601137315, 0.03834063285237376, -0.016413171462846123, 0.005180067131777935], [0.28194620798732234, -0.016413171462846123, 0.01507995185778773, 9.518453990218248e-06], [-0.07539160465354856, 0.005180067131777935, 9.518453990218958e-06, 0.036920899416778945]], 'exp_terms': [94.3006701025783, 0.677803105589003, 53.466057502320645], 'exp_cov': [[1.4190316424724012e+18, -36069005.67822001, 2.9078995917087988e+16], [-36069005.67822001, 0.005021614860442081, -739131.1447817683], [2.9078995917087988e+16, -739131.1447817684, 595890872505660.8]]}, 'Bulgaria': {'name': 'Bulgaria', 'size': 30, 'lat': 42.7339, 'lon': 25.4858, 'confirmed': [0, 0, 0, 0, 0, 0, 0, 0, 0, 0, 0, 0, 0, 0, 0, 0, 0, 0, 0, 0, 0, 0, 0, 0, 0, 0, 0, 0, 0, 0, 0, 0, 0, 0, 0, 0, 0, 0, 0, 0, 0, 0, 0, 0, 0, 0, 4, 4, 4, 7, 7, 23, 41], 'old': 0, 'growth': [0.0, 0.0, 0.0, 0.0, 0.0, 0.0, 0.0, 0.0, 0.0, 0.0, 0.0, 0.0, 0.0, 0.0, 0.0, 0.0, 0.0, 0.0, 0.0, 0.0, 0.0, 0.0, 0.0, 0.0, 0.0, 0.0, 0.0, 0.0, 0.0, 0.0, 0.0, 0.0, 0.0, 0.0, 0.0, 0.0, 0.0, 0.0, 0.0, 0.0, 0.0, 0.0, 0.0, 0.0, 0.0, 0.0, 0.0, 0.0, 0.0, 0.0, 1.125], 'ages': [], 'recovered': [0, 0, 0, 0, 0, 0, 0, 0, 0, 0, 0, 0, 0, 0, 0, 0, 0, 0, 0, 0, 0, 0, 0, 0, 0, 0, 0, 0, 0, 0, 0, 0, 0, 0, 0, 0, 0, 0, 0, 0, 0, 0, 0, 0, 0, 0, 0, 0, 0, 0, 0, 0, 0], 'deaths': [0, 0, 0, 0, 0, 0, 0, 0, 0, 0, 0, 0, 0, 0, 0, 0, 0, 0, 0, 0, 0, 0, 0, 0, 0, 0, 0, 0, 0, 0, 0, 0, 0, 0, 0, 0, 0, 0, 0, 0, 0, 0, 0, 0, 0, 0, 0, 0, 0, 1, 1, 1, 2], 'log_terms': [81.0012552960858, 0.9555465195090345, 51.99999999999998, 0.17672697455621894], 'log_cov': [[574.3127670387955, -2.972962365916814, 14.373842537478344, -0.5312738580694571], [-2.972962365916814, 0.01742477957176229, -0.07568600966218894, 0.0038340353332785818], [14.373842537478344, -0.07568600966218894, 0.36202421233043913, -0.012583080670267928], [-0.531273858069457, 0.0038340353332785818, -0.012583080670267928, 0.02079623285794393]], 'exp_terms': [94.74419184074745, 0.907226472160784, 53.297536821019655], 'exp_cov': [[7.338611852297951e+17, 4362763.568577814, 1.1996767040722954e+16], [4362763.568577814, 0.002327028820058151, 71320.10377449357], [1.1996767040722954e+16, 71320.10377449357, 196116680274226.47]]}, 'Burkina Faso': {'name': 'Burkina Faso', 'size': 10, 'lat': 12.2383, 'lon': -1.5616, 'confirmed': [0, 0, 0, 0, 0, 0, 0, 0, 0, 0, 0, 0, 0, 0, 0, 0, 0, 0, 0, 0, 0, 0, 0, 0, 0, 0, 0, 0, 0, 0, 0, 0, 0, 0, 0, 0, 0, 0, 0, 0, 0, 0, 0, 0, 0, 0, 0, 0, 1, 2, 2, 2, 2], 'old': 0, 'growth': [0.0, 0.0, 0.0, 0.0, 0.0, 0.0, 0.0, 0.0, 0.0, 0.0, 0.0, 0.0, 0.0, 0.0, 0.0, 0.0, 0.0, 0.0, 0.0, 0.0, 0.0, 0.0, 0.0, 0.0, 0.0, 0.0, 0.0, 0.0, 0.0, 0.0, 0.0, 0.0, 0.0, 0.0, 0.0, 0.0, 0.0, 0.0, 0.0, 0.0, 0.0, 0.0, 0.0, 0.0, 0.0, 0.0, 0.0, 1.0, 0.0, 0.0, 0.0], 'ages': [], 'recovered': [0, 0, 0, 0, 0, 0, 0, 0, 0, 0, 0, 0, 0, 0, 0, 0, 0, 0, 0, 0, 0, 0, 0, 0, 0, 0, 0, 0, 0, 0, 0, 0, 0, 0, 0, 0, 0, 0, 0, 0, 0, 0, 0, 0, 0, 0, 0, 0, 0, 0, 0, 0, 0], 'deaths': [0, 0, 0, 0, 0, 0, 0, 0, 0, 0, 0, 0, 0, 0, 0, 0, 0, 0, 0, 0, 0, 0, 0, 0, 0, 0, 0, 0, 0, 0, 0, 0, 0, 0, 0, 0, 0, 0, 0, 0, 0, 0, 0, 0, 0, 0, 0, 0, 0, 0, 0, 0, 0], 'log_terms': [2.0000226994498123, 9.999999999999934, 48.00000227074331, 1.4761163871514018e-17], 'log_cov': [[9.22365433326683e-11, -5.079650433692798e-07, 7.922743593574098e-12, -7.094528872758825e-12], [-5.079650433692798e-07, 0.020655926707119906, -4.7687936195290476e-08, 3.9069414534941484e-08], [7.922743593574098e-12, -4.768793619529047e-08, 1.2684817057326607e-11, 5.234262179641964e-13], [-7.094528872758825e-12, 3.9069414534941484e-08, 5.234262179641961e-13, 6.207780914359623e-12]], 'exp_terms': [78.96694495377191, 0.327