<html>
  <head>
    <meta charset="utf-8">
    <meta name="viewport" content="initial-scale=1, maximum-scale=1, user-scalable=no">
    <link rel="icon" type="image/png" href="https://upload.wikimedia.org/wikipedia/commons/thumb/6/68/Ambulance_font_awesome.svg/200px-Ambulance_font_awesome.svg.png">
    <title>COVID-19 Dashboard</title>
    <style>
      html, body {
        padding: 0;
        margin: 0;
        height: 100%;
        width: 100%;
        font-family: "Lato", sans-serif;
        color: #EEEEEE;
        overflow: hidden;
      }
      #viewDiv {
        margin:0;
        padding:0;
        width:100%;
        height:100%;
      }
      .plot-container {
        top: 0;
        left: 0;
        z-index:98;
        background-color: #393e46;
        overflow: hidden;
        position: absolute;
        height: 100%;
      }

      .popup {
        top: 0;
        left: 0;
        z-index:50;
        background-color: #393e46;
        overflow: hidden;
        position: absolute;
        transition: 0.5s;
        opacity: 0.8;
        border-radius: 5px;
        border: 1px solid black;
      }
      .tools-btn {
        font-size: 18px;
        cursor: pointer;
        z-index: 99;
        position: absolute;
        right: 2%;
        top: 2%;
        color: #EEEEEE;
      }
      
      .tools-btn:hover {
        color: #4ecca3;
      }
      
      .tools-btn:active {
        color: #4d6dcb;
      }

      .plt-ctn {
        margin: 0;
        position: absolute;
        width:100%;
        height:65%;
        padding: 1px;
        top: 0;
      }

      .disable {
        top: 0;
        left: 0;
        z-index:80;
        opacity: 0.2;
        background-color: #393e46;
        overflow: hidden;
        position: absolute;
      }

      .control {
        overflow: hidden;
        position: absolute;
      }

      .warning {
        position: absolute;
        overflow: hidden;
        z-index: 99;
        top: 0;
        left: 0;
        opacity: 0.5;
        background-color: #FF0000;
        transition: 0.5s;
        width: 100%;
        height: 0;
      }

      #sliderDiv {
        position: absolute;
        z-index: 1;
        bottom: 0;
        border: 1px solid black;
        background-color: #FEFEFE;
        height: 50px;
        width: 100%;
      }

      table, td, tr, th {
        border: 1px solid #EEEEEE;
        border-collapse: collapse;
        padding 1px;
        font-size: 12px;
      }

      .tab {
        overflow: hidden;
        background-color: inherit;
        padding: 5px;
      }

      .tab button {
        background-color: inherit;
        color: #eeeeee;
        float: left;
        border: 1px solid #eeeeee;
        outline: none;
        cursor: pointer;
        padding: 14px 16px;
        transition: 0.3s;
      }

      .tab button:hover {
        background-color: #444444;
      }
      
      .tab button.active {
        background-color: #333333;
      }

      .equation {
        font-size: 11px;
      }
    </style>
    <link rel="stylesheet" href="https://cdnjs.cloudflare.com/ajax/libs/font-awesome/4.7.0/css/font-awesome.min.css">
    <link rel="stylesheet" href="https://js.arcgis.com/4.14/esri/themes/light/main.css">
    <script src="https://cdn.plot.ly/plotly-latest.min.js"></script>
    <script src="https://js.arcgis.com/4.14/"></script>
    <script type="text/javascript" async
      src="https://cdnjs.cloudflare.com/ajax/libs/mathjax/2.7.7/MathJax.js?config=TeX-MML-AM_CHTML">
    </script>
    <script>
      var selected_data = null;
      var LOG_SCALE = false;
      var ENABLE_EXP = false;
      var ENABLE_LOG = false;
      var SLIDER_POS = 59;
      var PLOT_TYPE = "TRACE";
      var all_data = {'Afghanistan': {'name': 'Afghanistan', 'size': 30, 'lat': 33.0, 'lon': 65.0, 'confirmed': [0, 0, 0, 0, 0, 0, 0, 0, 0, 0, 0, 0, 0, 0, 0, 0, 0, 0, 0, 0, 0, 0, 0, 0, 0, 0, 0, 0, 0, 0, 0, 0, 0, 1, 1, 1, 1, 1, 1, 1, 1, 1, 1, 1, 1, 1, 4, 4, 5, 7, 7, 7, 11, 16, 21, 22, 22, 22, 24, 24], 'old': 0, 'growth': [0.0, 0.0, 0.0, 0.0, 0.0, 0.0, 0.0, 0.0, 0.0, 0.0, 0.0, 0.0, 0.0, 0.0, 0.0, 0.0, 0.0, 0.0, 0.0, 0.0, 0.0, 0.0, 0.0, 0.0, 0.0, 0.0, 0.0, 0.0, 0.0, 0.0, 0.0, 0.0, 0.0, 0.0, 0.0, 0.0, 0.0, 0.0, 0.0, 0.0, 0.0, 0.0, 0.0, 0.0, 0.0, 0.0, 0.0, 2.0, 0.0, 0.0, 0.0, 1.25, 1.0, 0.2, 0.0, 0.0, 0.0, 0.0], 'ages': [35.0], 'recovered': [0, 0, 0, 0, 0, 0, 0, 0, 0, 0, 0, 0, 0, 0, 0, 0, 0, 0, 0, 0, 0, 0, 0, 0, 0, 0, 0, 0, 0, 0, 0, 0, 0, 0, 0, 0, 0, 0, 0, 0, 0, 0, 0, 0, 0, 0, 0, 0, 0, 0, 0, 0, 0, 0, 1, 1, 1, 1, 1, 1], 'deaths': [0, 0, 0, 0, 0, 0, 0, 0, 0, 0, 0, 0, 0, 0, 0, 0, 0, 0, 0, 0, 0, 0, 0, 0, 0, 0, 0, 0, 0, 0, 0, 0, 0, 0, 0, 0, 0, 0, 0, 0, 0, 0, 0, 0, 0, 0, 0, 0, 0, 0, 0, 0, 0, 0, 0, 0, 0, 0, 0, 0], 'ages_died': [], 'population': '37,171,921', 'log_terms': [25.76428853206448, 0.4256565793033047, 52.0790564489164, 0.25507424563987574], 'log_cov': [[0.8907274206441936, -0.025071133590617575, 0.20907548333676892, -0.03555004915581957], [-0.025071133590617575, 0.0011374947749630358, -0.005821245156738534, 0.0012005335013700051], [0.20907548333676887, -0.005821245156738533, 0.0696281071334579, 0.00014942744217407155], [-0.03555004915581957, 0.0012005335013700051, 0.00014942744217407136, 0.017559193500136752]], 'exp_terms': [70.64028682510785, 0.15035957975294054, 65.31860931961066], 'exp_cov': [[2.5373037304170733e+17, 230174.986426514, 2.5642521542763416e+16], [230174.986426514, 8.496097192761929e-05, 23261.960014085893], [2.5642521542763416e+16, 23261.960014085897, 2591486794381538.5]]}, 'Albania': {'name': 'Albania', 'size': 40, 'lat': 41.1533, 'lon': 20.1683, 'confirmed': [0, 0, 0, 0, 0, 0, 0, 0, 0, 0, 0, 0, 0, 0, 0, 0, 0, 0, 0, 0, 0, 0, 0, 0, 0, 0, 0, 0, 0, 0, 0, 0, 0, 0, 0, 0, 0, 0, 0, 0, 0, 0, 0, 0, 0, 0, 0, 2, 10, 12, 23, 33, 38, 42, 51, 55, 59, 64, 70, 76], 'old': 0, 'growth': [0.0, 0.0, 0.0, 0.0, 0.0, 0.0, 0.0, 0.0, 0.0, 0.0, 0.0, 0.0, 0.0, 0.0, 0.0, 0.0, 0.0, 0.0, 0.0, 0.0, 0.0, 0.0, 0.0, 0.0, 0.0, 0.0, 0.0, 0.0, 0.0, 0.0, 0.0, 0.0, 0.0, 0.0, 0.0, 0.0, 0.0, 0.0, 0.0, 0.0, 0.0, 0.0, 0.0, 0.0, 0.0, 0.0, 4.0, 0.25, 5.5, 0.9090909090909091, 0.5, 0.8, 2.25, 0.4444444444444444, 1.0, 1.25, 1.2, 1.0], 'ages': [], 'recovered': [0, 0, 0, 0, 0, 0, 0, 0, 0, 0, 0, 0, 0, 0, 0, 0, 0, 0, 0, 0, 0, 0, 0, 0, 0, 0, 0, 0, 0, 0, 0, 0, 0, 0, 0, 0, 0, 0, 0, 0, 0, 0, 0, 0, 0, 0, 0, 0, 0, 0, 0, 0, 0, 0, 0, 0, 0, 0, 0, 2], 'deaths': [0, 0, 0, 0, 0, 0, 0, 0, 0, 0, 0, 0, 0, 0, 0, 0, 0, 0, 0, 0, 0, 0, 0, 0, 0, 0, 0, 0, 0, 0, 0, 0, 0, 0, 0, 0, 0, 0, 0, 0, 0, 0, 0, 0, 0, 0, 0, 0, 0, 1, 1, 1, 1, 1, 1, 1, 2, 2, 2, 2], 'ages_died': [], 'population': '2,882,740', 'log_terms': [76.00000000215847, 0.4311826452452128, 52.361972342337154, 9.293486907171608e-16], 'log_cov': [[3.872276356383298, -0.03670706576294272, 0.30467316313111076, -0.14333088371950212], [-0.03670706576294272, 0.0005530823621224559, -0.0028599694362182256, 0.0016443115849469024], [0.30467316313111076, -0.0028599694362182256, 0.03313902368003167, -0.00013896357330620912], [-0.14333088371950212, 0.0016443115849469024, -0.0001389635733062089, 0.06874685716448342]], 'exp_terms': [84.05644406898685, 0.17304125666748094, 58.78313161839085], 'exp_cov': [[1.161210114786951e+18, 332499.70511547785, 8.655808617007013e+16], [332499.7051154778, 0.00011150009940051298, 24784.951554127623], [8.655808617007013e+16, 24784.951554127623, 6452150378314531.0]]}, 'Algeria': {'name': 'Algeria', 'size': 40, 'lat': 28.0339, 'lon': 1.6596, 'confirmed': [0, 0, 0, 0, 0, 0, 0, 0, 0, 0, 0, 0, 0, 0, 0, 0, 0, 0, 0, 0, 0, 0, 0, 0, 0, 0, 0, 0, 0, 0, 0, 0, 0, 0, 1, 1, 1, 1, 1, 1, 3, 5, 12, 12, 17, 17, 19, 20, 20, 20, 24, 26, 37, 48, 54, 60, 74, 87, 90, 139], 'old': 0, 'growth': [0.0, 0.0, 0.0, 0.0, 0.0, 0.0, 0.0, 0.0, 0.0, 0.0, 0.0, 0.0, 0.0, 0.0, 0.0, 0.0, 0.0, 0.0, 0.0, 0.0, 0.0, 0.0, 0.0, 0.0, 0.0, 0.0, 0.0, 0.0, 0.0, 0.0, 0.0, 0.0, 0.0, 0.0, 0.0, 0.0, 0.0, 0.0, 0.0, 1.0, 3.5, 0.0, 0.0, 0.0, 0.0, 0.5, 0.0, 0.0, 0.0, 0.5, 5.5, 1.0, 0.5454545454545454, 1.0, 2.3333333333333335, 0.9285714285714286, 0.23076923076923078, 16.333333333333332], 'ages': [], 'recovered': [0, 0, 0, 0, 0, 0, 0, 0, 0, 0, 0, 0, 0, 0, 0, 0, 0, 0, 0, 0, 0, 0, 0, 0, 0, 0, 0, 0, 0, 0, 0, 0, 0, 0, 0, 0, 0, 0, 0, 0, 0, 0, 0, 0, 0, 0, 0, 0, 0, 0, 8, 8, 12, 12, 12, 12, 12, 32, 32, 32], 'deaths': [0, 0, 0, 0, 0, 0, 0, 0, 0, 0, 0, 0, 0, 0, 0, 0, 0, 0, 0, 0, 0, 0, 0, 0, 0, 0, 0, 0, 0, 0, 0, 0, 0, 0, 0, 0, 0, 0, 0, 0, 0, 0, 0, 0, 0, 0, 0, 0, 0, 0, 1, 2, 3, 4, 4, 4, 7, 9, 11, 15], 'ages_died': [], 'population': '42,228,408', 'log_terms': [988355.0305347706, 0.7409409699773486, 70.7996779593878, 8.179132094505716], 'log_cov': [[6.482486913632609e+19, -4160629838.687375, 88600894406603.28, -3075844637.0662656], [-4160629838.6873746, 0.2896850956195931, -5687.006081199505, 0.2710335385708994], [88600894406603.27, -5687.006081199505, 121097334.77864717, -4205.122349123035], [-3075844637.066266, 0.2710335385708994, -4205.122349123036, 4.996033771052765]], 'exp_terms': [87.20335006930202, 0.1882259587325866, 56.90676055413702], 'exp_cov': [[1.2902825305147118e+17, -64666.82181270153, 8579456215113441.0], [-64666.82181270153, 3.954384386898935e-05, -4299.881316820251], [8579456215113441.0, -4299.881316820252, 570472491150335.5]]}, 'Andorra': {'name': 'Andorra', 'size': 40, 'lat': 42.5063, 'lon': 1.5218, 'confirmed': [0, 0, 0, 0, 0, 0, 0, 0, 0, 0, 0, 0, 0, 0, 0, 0, 0, 0, 0, 0, 0, 0, 0, 0, 0, 0, 0, 0, 0, 0, 0, 0, 0, 0, 0, 0, 0, 0, 0, 0, 1, 1, 1, 1, 1, 1, 1, 1, 1, 1, 1, 1, 1, 1, 2, 39, 39, 53, 75, 88], 'old': 0, 'growth': [0.0, 0.0, 0.0, 0.0, 0.0, 0.0, 0.0, 0.0, 0.0, 0.0, 0.0, 0.0, 0.0, 0.0, 0.0, 0.0, 0.0, 0.0, 0.0, 0.0, 0.0, 0.0, 0.0, 0.0, 0.0, 0.0, 0.0, 0.0, 0.0, 0.0, 0.0, 0.0, 0.0, 0.0, 0.0, 0.0, 0.0, 0.0, 0.0, 0.0, 0.0, 0.0, 0.0, 0.0, 0.0, 0.0, 0.0, 0.0, 0.0, 0.0, 0.0, 0.0, 0.0, 37.0, 0.0, 0.0, 1.5714285714285714, 0.5909090909090909], 'ages': [], 'recovered': [0, 0, 0, 0, 0, 0, 0, 0, 0, 0, 0, 0, 0, 0, 0, 0, 0, 0, 0, 0, 0, 0, 0, 0, 0, 0, 0, 0, 0, 0, 0, 0, 0, 0, 0, 0, 0, 0, 0, 0, 0, 0, 0, 0, 0, 0, 0, 0, 0, 0, 1, 0, 1, 1, 1, 1, 1, 1, 1, 1], 'deaths': [0, 0, 0, 0, 0, 0, 0, 0, 0, 0, 0, 0, 0, 0, 0, 0, 0, 0, 0, 0, 0, 0, 0, 0, 0, 0, 0, 0, 0, 0, 0, 0, 0, 0, 0, 0, 0, 0, 0, 0, 0, 0, 0, 0, 0, 0, 0, 0, 0, 0, 0, 0, 0, 0, 0, 0, 0, 0, 0, 0], 'ages_died': [], 'population': '77,006', 'log_terms': [99.6391736041417, 0.7615704642546884, 56.547126848412, 0.04872916264214051], 'log_cov': [[50.679674155713755, -0.4942224911356357, 1.7103332476523758, -0.4724031306913698], [-0.4942224911356358, 0.006707780532589256, -0.016796655026419482, 0.006123027513684106], [1.7103332476523758, -0.016796655026419482, 0.06466334905497206, -0.005599057233840847], [-0.4724031306913698, 0.006123027513684106, -0.005599057233840848, 0.14781001119214465]], 'exp_terms': [84.00636234306891, 0.4147086351574041, 58.61658835394896], 'exp_cov': [[5.365887423899578e+17, -28562428.588087652, 1.841177265207382e+16], [-28562428.588087652, 0.0023186751227063495, -980052.1340600871], [1.841177265207382e+16, -980052.1340600871, 631756400035122.4]]}, 'Angola': {'name': 'Angola', 'size': 10, 'lat': -11.2027, 'lon': 17.8739, 'confirmed': [0, 0, 0, 0, 0, 0, 0, 0, 0, 0, 0, 0, 0, 0, 0, 0, 0, 0, 0, 0, 0, 0, 0, 0, 0, 0, 0, 0, 0, 0, 0, 0, 0, 0, 0, 0, 0, 0, 0, 0, 0, 0, 0, 0, 0, 0, 0, 0, 0, 0, 0, 0, 0, 0, 0, 0, 0, 0, 1, 2], 'old': 0, 'growth': [0.0, 0.0, 0.0, 0.0, 0.0, 0.0, 0.0, 0.0, 0.0, 0.0, 0.0, 0.0, 0.0, 0.0, 0.0, 0.0, 0.0, 0.0, 0.0, 0.0, 0.0, 0.0, 0.0, 0.0, 0.0, 0.0, 0.0, 0.0, 0.0, 0.0, 0.0, 0.0, 0.0, 0.0, 0.0, 0.0, 0.0, 0.0, 0.0, 0.0, 0.0, 0.0, 0.0, 0.0, 0.0, 0.0, 0.0, 0.0, 0.0, 0.0, 0.0, 0.0, 0.0, 0.0, 0.0, 0.0, 0.0, 1.0], 'ages': [], 'recovered': [0, 0, 0, 0, 0, 0, 0, 0, 0, 0, 0, 0, 0, 0, 0, 0, 0, 0, 0, 0, 0, 0, 0, 0, 0, 0, 0, 0, 0, 0, 0, 0, 0, 0, 0, 0, 0, 0, 0, 0, 0, 0, 0, 0, 0, 0, 0, 0, 0, 0, 0, 0, 0, 0, 0, 0, 0, 0, 0, 0], 'deaths': [0, 0, 0, 0, 0, 0, 0, 0, 0, 0, 0, 0, 0, 0, 0, 0, 0, 0, 0, 0, 0, 0, 0, 0, 0, 0, 0, 0, 0, 0, 0, 0, 0, 0, 0, 0, 0, 0, 0, 0, 0, 0, 0, 0, 0, 0, 0, 0, 0, 0, 0, 0, 0, 0, 0, 0, 0, 0, 0, 0], 'ages_died': [], 'population': '30,809,787', 'log_terms': [394878.44079422025, 1.0309079819734817, 70.79998359146543, 8.397528858187139e-44], 'log_cov': [[1.1299329205115605e+21, -8035446750.84083, 2775787412089075.5, -36170237.64685823], [-8035446750.84083, 0.06063438164409135, -19739.877638367027, 0.00033604818861285003], [2775787412089075.5, -19739.877638367027, 6818985107.675919, -88.85650227975938], [-36170237.64685823, 0.00033604818861285003, -88.8565022797594, 5.0019772018307054e-05]], 'exp_terms': [72.77546613685138, 0.9999999999999999, 64.27848977590585], 'exp_cov': [[6.869072101184564e-05, 0.0008443920587697986, -0.0034650410747276996], [0.0008443920587697986, 0.010526316384941848, -0.04259459099732956], [-0.0034650410747276987, -0.04259459099732956, 0.17479085199119654]]}, 'Antigua and Barbuda': {'name': 'Antigua and Barbuda', 'size': 0, 'lat': 17.0608, 'lon': -61.7964, 'confirmed': [0, 0, 0, 0, 0, 0, 0, 0, 0, 0, 0, 0, 0, 0, 0, 0, 0, 0, 0, 0, 0, 0, 0, 0, 0, 0, 0, 0, 0, 0, 0, 0, 0, 0, 0, 0, 0, 0, 0, 0, 0, 0, 0, 0, 0, 0, 0, 0, 0, 0, 0, 1, 1, 1, 1, 1, 1, 1, 1, 1], 'old': 0, 'growth': [0.0, 0.0, 0.0, 0.0, 0.0, 0.0, 0.0, 0.0, 0.0, 0.0, 0.0, 0.0, 0.0, 0.0, 0.0, 0.0, 0.0, 0.0, 0.0, 0.0, 0.0, 0.0, 0.0, 0.0, 0.0, 0.0, 0.0, 0.0, 0.0, 0.0, 0.0, 0.0, 0.0, 0.0, 0.0, 0.0, 0.0, 0.0, 0.0, 0.0, 0.0, 0.0, 0.0, 0.0, 0.0, 0.0, 0.0, 0.0, 0.0, 0.0, 0.0, 0.0, 0.0, 0.0, 0.0, 0.0, 0.0, 0.0], 'ages': [], 'recovered': [0, 0, 0, 0, 0, 0, 0, 0, 0, 0, 0, 0, 0, 0, 0, 0, 0, 0, 0, 0, 0, 0, 0, 0, 0, 0, 0, 0, 0, 0, 0, 0, 0, 0, 0, 0, 0, 0, 0, 0, 0, 0, 0, 0, 0, 0, 0, 0, 0, 0, 0, 0, 0, 0, 0, 0, 0, 0, 0, 0], 'deaths': [0, 0, 0, 0, 0, 0, 0, 0, 0, 0, 0, 0, 0, 0, 0, 0, 0, 0, 0, 0, 0, 0, 0, 0, 0, 0, 0, 0, 0, 0, 0, 0, 0, 0, 0, 0, 0, 0, 0, 0, 0, 0, 0, 0, 0, 0, 0, 0, 0, 0, 0, 0, 0, 0, 0, 0, 0, 0, 0, 0], 'ages_died': [], 'population': '96,286', 'log_terms': [1.0007568697668534, 9.999999999999998, 50.50293596726748, 3.5452757827271214e-20], 'log_cov': [[2.190395192068278e-07, -3.181009001082782e-05, 1.1542384743366362e-06, -3.021209667562566e-08], [-3.181009001082782e-05, 0.07299094610746376, 1.3546594881284732e-05, 4.6144038423143885e-06], [1.154238474336636e-06, 1.3546594881284732e-05, 0.00018278280939901075, 2.3238022188287306e-07], [-3.021209667562566e-08, 4.614403842314388e-06, 2.3238022188287306e-07, 3.0211753824292604e-08]], 'exp_terms': [44.38374339643904, 0.1505071514537631, 83.96555895852232], 'exp_cov': [[1.4690341646570266e+17, -614884.4556477877, 2.360756402654622e+16], [-614884.4556477877, 0.00041740258650691333, -98812.77851752669], [2.3607564026546224e+16, -98812.77851752669, 3793765268880572.5]]}, 'Argentina': {'name': 'Argentina', 'size': 50, 'lat': -38.4161, 'lon': -63.6167, 'confirmed': [0, 0, 0, 0, 0, 0, 0, 0, 0, 0, 0, 0, 0, 0, 0, 0, 0, 0, 0, 0, 0, 0, 0, 0, 0, 0, 0, 0, 0, 0, 0, 0, 0, 0, 0, 0, 0, 0, 0, 0, 0, 1, 1, 1, 2, 8, 12, 12, 17, 19, 19, 31, 34, 45, 56, 68, 79, 97, 128, 158], 'old': 0, 'growth': [0.0, 0.0, 0.0, 0.0, 0.0, 0.0, 0.0, 0.0, 0.0, 0.0, 0.0, 0.0, 0.0, 0.0, 0.0, 0.0, 0.0, 0.0, 0.0, 0.0, 0.0, 0.0, 0.0, 0.0, 0.0, 0.0, 0.0, 0.0, 0.0, 0.0, 0.0, 0.0, 0.0, 0.0, 0.0, 0.0, 0.0, 0.0, 0.0, 0.0, 0.0, 0.0, 0.0, 6.0, 0.6666666666666666, 0.0, 0.0, 0.4, 0.0, 0.0, 0.25, 3.6666666666666665, 1.0, 1.0909090909090908, 0.9166666666666666, 1.6363636363636365, 1.7222222222222223, 0.967741935483871], 'ages': [], 'recovered': [0, 0, 0, 0, 0, 0, 0, 0, 0, 0, 0, 0, 0, 0, 0, 0, 0, 0, 0, 0, 0, 0, 0, 0, 0, 0, 0, 0, 0, 0, 0, 0, 0, 0, 0, 0, 0, 0, 0, 0, 0, 0, 0, 0, 0, 0, 0, 0, 0, 0, 0, 0, 1, 1, 1, 3, 3, 3, 3, 3], 'deaths': [0, 0, 0, 0, 0, 0, 0, 0, 0, 0, 0, 0, 0, 0, 0, 0, 0, 0, 0, 0, 0, 0, 0, 0, 0, 0, 0, 0, 0, 0, 0, 0, 0, 0, 0, 0, 0, 0, 0, 0, 0, 0, 0, 0, 0, 0, 1, 1, 1, 1, 1, 2, 2, 2, 2, 2, 2, 3, 3, 4], 'ages_died': [], 'population': '44,361,150', 'log_terms': [2357.75513898137, 0.22414730652284662, 70.79999999999998, 2.7302185494327076e-14], 'log_cov': [[7046370.099385029, -23.821714131146173, 15459.81814175688, -235.55274750706812], [-23.821714131146173, 9.034761253968341e-05, -0.052847550404432925, 0.0011308753632802127], [15459.81814175688, -0.05284755040443291, 33.954615738170595, -0.533696843016525], [-235.55274750706812, 0.0011308753632802127, -0.5336968430165251, 0.0738212338169763]], 'exp_terms': [88.87362952916875, 0.24231834926773899, 56.37407517048741], 'exp_cov': [[3.330138384648808e+16, -60609.40210321128, 1726915783457407.0], [-60609.40210321128, 1.1391433123642507e-05, -3143.032508970154], [1726915783457407.0, -3143.032508970154, 89552978846217.31]]}, 'Armenia': {'name': 'Armenia', 'size': 50, 'lat': 40.0691, 'lon': 45.0382, 'confirmed': [0, 0, 0, 0, 0, 0, 0, 0, 0, 0, 0, 0, 0, 0, 0, 0, 0, 0, 0, 0, 0, 0, 0, 0, 0, 0, 0, 0, 0, 0, 0, 0, 0, 0, 0, 0, 0, 0, 0, 1, 1, 1, 1, 1, 1, 1, 1, 1, 1, 1, 4, 8, 18, 26, 52, 78, 84, 115, 136, 160], 'old': 0, 'growth': [0.0, 0.0, 0.0, 0.0, 0.0, 0.0, 0.0, 0.0, 0.0, 0.0, 0.0, 0.0, 0.0, 0.0, 0.0, 0.0, 0.0, 0.0, 0.0, 0.0, 0.0, 0.0, 0.0, 0.0, 0.0, 0.0, 0.0, 0.0, 0.0, 0.0, 0.0, 0.0, 0.0, 0.0, 0.0, 0.0, 0.0, 0.0, 0.0, 0.0, 0.0, 0.0, 0.0, 0.0, 0.0, 0.0, 0.0, 0.0, 0.0, 1.3333333333333333, 2.5, 0.8, 3.25, 1.0, 0.23076923076923078, 5.166666666666667, 0.6774193548387096, 1.1428571428571428], 'ages': [], 'recovered': [0, 0, 0, 0, 0, 0, 0, 0, 0, 0, 0, 0, 0, 0, 0, 0, 0, 0, 0, 0, 0, 0, 0, 0, 0, 0, 0, 0, 0, 0, 0, 0, 0, 0, 0, 0, 0, 0, 0, 0, 0, 0, 0, 0, 0, 0, 0, 0, 0, 0, 0, 0, 0, 0, 0, 1, 1, 1, 1, 1], 'deaths': [0, 0, 0, 0, 0, 0, 0, 0, 0, 0, 0, 0, 0, 0, 0, 0, 0, 0, 0, 0, 0, 0, 0, 0, 0, 0, 0, 0, 0, 0, 0, 0, 0, 0, 0, 0, 0, 0, 0, 0, 0, 0, 0, 0, 0, 0, 0, 0, 0, 0, 0, 0, 0, 0, 0, 0, 0, 0, 0, 0], 'ages_died': [], 'population': '2,951,745', 'log_terms': [190.47195148931976, 0.5311088432664844, 56.135342919099465, 1.1176554247253353e-14], 'log_cov': [[51.30889349963533, -0.15085571446655993, 1.2310401579123427, -0.47015492665053965], [-0.15085571446655996, 0.0005825067187723848, -0.0036583271660451683, 0.0019188547111414918], [1.231040157912343, -0.0036583271660451683, 0.03155195520168726, -0.005971731801099569], [-0.47015492665053965, 0.0019188547111414916, -0.005971731801099568, 0.10786897149802191]], 'exp_terms': [88.20761918775743, 0.30695502257235163, 56.469188612885794], 'exp_cov': [[1.1216768420888706e+17, 1557920.0627001422, 4750215334451574.0], [1557920.0627001422, 0.00020257003215638108, 65976.71948717831], [4750215334451574.0, 65976.71948717831, 201167973492592.5]]}, 'Australia': {'name': 'Australia', 'size': 60, 'lat': -24.6483001, 'lon': 133.948055, 'confirmed': [0, 0, 0, 0, 4, 5, 5, 6, 9, 9, 12, 12, 12, 13, 13, 14, 15, 15, 15, 15, 15, 15, 15, 15, 15, 15, 15, 15, 15, 15, 19, 22, 22, 22, 22, 22, 23, 23, 25, 27, 30, 39, 52, 55, 60, 63, 76, 91, 107, 128, 128, 200, 250, 297, 377, 452, 568, 681, 791, 1071], 'recovered': [0, 0, 0, 0, 0, 0, 0, 0, 2, 2, 2, 2, 2, 2, 2, 2, 2, 2, 2, 2, 2, 2, 8, 8, 8, 8, 10, 10, 10, 10, 11, 11, 11, 11, 11, 11, 11, 11, 11, 11, 11, 11, 11, 21, 21, 21, 21, 21, 21, 21, 21, 23, 23, 23, 23, 23, 23, 26, 26, 26], 'deaths': [0, 0, 0, 0, 0, 0, 0, 0, 0, 0, 0, 0, 0, 0, 0, 0, 0, 0, 0, 0, 0, 0, 0, 0, 0, 0, 0, 0, 0, 0, 0, 0, 0, 0, 0, 0, 0, 0, 0, 1, 1, 1, 2, 2, 2, 2, 3, 3, 3, 3, 3, 3, 3, 3, 3, 5, 6, 6, 7, 7], 'growth': [0.0, 0.0, 0.0, 0.25, 0.0, 0.0, 3.0, 0.0, 0.0, 0.0, 0.0, 0.0, 0.0, 0.0, 1.0, 0.0, 0.0, 0.0, 0.0, 0.0, 0.0, 0.0, 0.0, 0.0, 0.0, 0.0, 0.0, 0.0, 0.0, 0.75, 0.0, 0.0, 0.0, 0.0, 0.0, 0.0, 0.0, 1.0, 1.5, 3.0, 1.4444444444444444, 0.23076923076923078, 1.6666666666666667, 0.6, 4.333333333333333, 1.1538461538461537, 1.0666666666666667, 1.3125, 0.0, 0.0, 0.6944444444444444, 0.94, 1.702127659574468, 0.9375, 1.5466666666666666, 0.9741379310344828, 0.9734513274336283, 2.5454545454545454], 'old': 0, 'ages': [35.0, 43.0, 53.0, 55.0, 21.0, 44.0, 65.0, 45.0, 42.0, 60.0, 60.0, 25.0, 8.0, 37.0, 37.0], 'ages_died': [], 'population': '24,898,152', 'log_terms': [14860.454201277322, 0.2205715255058546, 70.79999999967133, 9.999999999999998], 'log_cov': [[282234129.93299407, -155.22110475494645, 100281.008249218, -10453.079027067944], [-155.22110475494645, 9.578461253311023e-05, -0.0557814656115772, 0.008157906828464734], [100281.00824921798, -0.0557814656115772, 35.670209618125156, -3.837670403975832], [-10453.079027067944, 0.008157906828464734, -3.8376704039758325, 3.5500278767474365]], 'exp_terms': [105.85040281272882, 0.2277649850734638, 47.899866875564655], 'exp_cov': [[6.279909272868196e+16, -559500.4706442639, 2891300277527894.0], [-559500.470644264, 2.3327397123859522e-05, -25759.66871524888], [2891300277527894.0, -25759.66871524888, 133116848215465.16]]}, 'Austria': {'name': 'Austria', 'size': 70, 'lat': 47.5162, 'lon': 14.5501, 'confirmed': [0, 0, 0, 0, 0, 0, 0, 0, 0, 0, 0, 0, 0, 0, 0, 0, 0, 0, 0, 0, 0, 0, 0, 0, 0, 0, 0, 0, 0, 0, 0, 0, 0, 0, 2, 2, 3, 3, 9, 14, 18, 21, 29, 41, 55, 79, 104, 131, 182, 246, 302, 504, 655, 860, 1018, 1332, 1646, 2013, 2388, 2814], 'old': 0, 'growth': [0.0, 0.0, 0.0, 0.0, 0.0, 0.0, 0.0, 0.0, 0.0, 0.0, 0.0, 0.0, 0.0, 0.0, 0.0, 0.0, 0.0, 0.0, 0.0, 0.0, 0.0, 0.0, 0.0, 0.0, 0.0, 0.0, 0.0, 0.0, 0.0, 0.0, 0.0, 0.0, 0.0, 0.0, 0.0, 0.0, 0.0, 0.8333333333333334, 0.8, 0.75, 2.6666666666666665, 1.5, 1.1666666666666667, 1.7142857142857142, 1.0416666666666667, 1.08, 1.8888888888888888, 1.2549019607843137, 0.875, 3.607142857142857, 0.7475247524752475, 1.3576158940397351, 0.7707317073170732, 1.9873417721518987, 1.0, 1.1687898089171975, 1.021798365122616, 1.136], 'ages': [24.0, 24.0], 'recovered': [0, 0, 0, 0, 0, 0, 0, 0, 0, 0, 0, 0, 0, 0, 0, 0, 0, 0, 0, 0, 0, 0, 0, 0, 0, 0, 0, 0, 0, 0, 0, 0, 0, 0, 0, 0, 0, 0, 0, 0, 0, 0, 0, 0, 0, 0, 0, 2, 4, 4, 4, 6, 6, 6, 6, 1, 9, 9, 9, 9], 'deaths': [0, 0, 0, 0, 0, 0, 0, 0, 0, 0, 0, 0, 0, 0, 0, 0, 0, 0, 0, 0, 0, 0, 0, 0, 0, 0, 0, 0, 0, 0, 0, 0, 0, 0, 0, 0, 0, 0, 0, 0, 0, 0, 0, 0, 0, 0, 0, 0, 0, 0, 1, 1, 1, 1, 3, 3, 4, 6, 6, 8], 'ages_died': [], 'population': '8,891,388', 'log_terms': [5081.02409408029, 0.3105509265872875, 58.34418493640903, 6.88891173277096e-17], 'log_cov': [[25590.586434436056, -0.7093170730406462, 31.26028235863451, -82.41820573942822], [-0.7093170730406462, 2.3169784203654733e-05, -0.0008869032113232779, 0.003355008359244991], [31.26028235863451, -0.0008869032113232779, 0.038549500198553376, -0.09472378820361094], [-82.41820573942822, 0.003355008359244991, -0.09472378820361094, 4.033298129536576]], 'exp_terms': [104.21243186538686, 0.243783161605873, 43.66477372696817], 'exp_cov': [[7.129432514163293e+16, -679181.9533049526, 3135919957133665.0], [-679181.9533049526, 3.035031219005366e-05, -29874.189185651812], [3135919957133665.5, -29874.189185651812, 137935157644217.12]]}, 'Azerbaijan': {'name': 'Azerbaijan', 'size': 30, 'lat': 40.1431, 'lon': 47.5769, 'confirmed': [0, 0, 0, 0, 0, 0, 0, 0, 0, 0, 0, 0, 0, 0, 0, 0, 0, 0, 0, 0, 0, 0, 0, 0, 0, 0, 0, 0, 0, 0, 0, 0, 0, 0, 0, 0, 0, 0, 0, 3, 3, 3, 3, 6, 6, 9, 9, 9, 11, 11, 11, 15, 15, 23, 15, 28, 28, 44, 44, 53], 'old': 0, 'growth': [0.0, 0.0, 0.0, 0.0, 0.0, 0.0, 0.0, 0.0, 0.0, 0.0, 0.0, 0.0, 0.0, 0.0, 0.0, 0.0, 0.0, 0.0, 0.0, 0.0, 0.0, 0.0, 0.0, 0.0, 0.0, 0.0, 0.0, 0.0, 0.0, 0.0, 0.0, 0.0, 0.0, 0.0, 0.0, 0.0, 0.0, 0.0, 0.0, 0.0, 0.0, 0.0, 0.0, 0.0, 0.0, 0.0, 0.0, 0.0, 0.0, 0.0, 0.0, 0.0, -1.0, -1.625, 0.0, 0.0, 0.0, 0.0], 'ages': [], 'recovered': [0, 0, 0, 0, 0, 0, 0, 0, 0, 0, 0, 0, 0, 0, 0, 0, 0, 0, 0, 0, 0, 0, 0, 0, 0, 0, 0, 0, 0, 0, 0, 0, 0, 0, 0, 0, 0, 0, 0, 0, 0, 0, 0, 0, 0, 0, 0, 0, 0, 3, 3, 3, 3, 6, 6, 6, 6, 6, 6, 11], 'deaths': [0, 0, 0, 0, 0, 0, 0, 0, 0, 0, 0, 0, 0, 0, 0, 0, 0, 0, 0, 0, 0, 0, 0, 0, 0, 0, 0, 0, 0, 0, 0, 0, 0, 0, 0, 0, 0, 0, 0, 0, 0, 0, 0, 0, 0, 0, 0, 0, 0, 0, 0, 1, 1, 1, 1, 1, 1, 1, 1, 1], 'ages_died': [], 'population': '9,949,537', 'log_terms': [443.6772697240862, 0.17121117076066225, 70.79999999999998, 1.5729742559377368e-10], 'log_cov': [[695291.4792292623, -17.565380492015176, 11463.292395121456, -112.02190573681663], [-17.565380492015176, 0.0004985341279171542, -0.2940202314395745, 0.003945672598591645], [11463.292395121458, -0.29402023143957445, 189.3701135030341, -1.9202236161842574], [-112.02190573681663, 0.003945672598591645, -1.9202236161842574, 0.11391896559954856]], 'exp_terms': [78.43309110481228, 0.17491894864957022, 61.49662941467345], 'exp_cov': [[1.8924639163483046e+17, -308939.75008626725, 1.4968060168005358e+16], [-308939.75008626725, 4.7864175209098296e-05, -24434.96528610055], [1.4968060168005358e+16, -24434.96528610055, 1183868412272511.5]]}, 'Bahamas, The': {'name': 'Bahamas, The', 'size': 10, 'lat': 25.0343, 'lon': -77.3963, 'confirmed': [0, 0, 0, 0, 0, 0, 0, 0, 0, 0, 0, 0, 0, 0, 0, 0, 0, 0, 0, 0, 0, 0, 0, 0, 0, 0, 0, 0, 0, 0, 0, 0, 0, 0, 0, 0, 0, 0, 0, 0, 0, 0, 0, 0, 0, 0, 0, 0, 0, 0, 0, 0, 0, 0, 1, 1, 1, 3, 3, 4], 'old': 0, 'growth': [0.0, 0.0, 0.0, 0.0, 0.0, 0.0, 0.0, 0.0, 0.0, 0.0, 0.0, 0.0, 0.0, 0.0, 0.0, 0.0, 0.0, 0.0, 0.0, 0.0, 0.0, 0.0, 0.0, 0.0, 0.0, 0.0, 0.0, 0.0, 0.0, 0.0, 0.0, 0.0, 0.0, 0.0, 0.0, 0.0, 0.0, 0.0, 0.0, 0.0, 0.0, 0.0, 0.0, 0.0, 0.0, 0.0, 0.0, 0.0, 0.0, 0.0, 0.0, 0.0, 0.0, 0.0, 0.0, 0.0, 0.0, 0.0], 'ages': [], 'recovered': [0, 0, 0, 0, 0, 0, 0, 0, 0, 0, 0, 0, 0, 0, 0, 0, 0, 0, 0, 0, 0, 0, 0, 0, 0, 0, 0, 0, 0, 0, 0, 0, 0, 0, 0, 0, 0, 0, 0, 0, 0, 0, 0, 0, 0, 0, 0, 0, 0, 0, 0, 0, 0, 0, 0, 0, 0, 0, 0, 0], 'deaths': [0, 0, 0, 0, 0, 0, 0, 0, 0, 0, 0, 0, 0, 0, 0, 0, 0, 0, 0, 0, 0, 0, 0, 0, 0, 0, 0, 0, 0, 0, 0, 0, 0, 0, 0, 0, 0, 0, 0, 0, 0, 0, 0, 0, 0, 0, 0, 0, 0, 0, 0, 0, 0, 0, 0, 0, 0, 0, 0, 0], 'ages_died': [], 'population': 'N/A', 'log_terms': [4.849650589437068, 0.7262230741405246, 56.98704342445067, 1.3675124692344627e-28], 'log_cov': [[0.25394772662947585, -0.040434409792231715, 0.1767597701500377, -0.001651999418104642], [-0.040434409792231715, 0.008451144479333768, -0.028480729280659492, 0.00036357443507470063], [0.1767597701500377, -0.028480729280659492, 0.1311738039481398, -0.0006027129153840001], [-0.001651999418104642, 0.00036357443507470063, -0.000602712915384, 0.00038023491200046936]], 'exp_terms': [67.98227164724727, 0.43792710526559075, 66.61984815260469], 'exp_cov': [[5.917482762887604e+17, 4295639.45967188, 2.3965831294432616e+16], [4295639.45967188, 0.0009842608981313976, 173973.57200223996], [2.3965831294432616e+16, 173973.57200223996, 970617224667554.5]]}, 'Bahrain': {'name': 'Bahrain', 'size': 50, 'lat': 26.0275, 'lon': 50.55, 'confirmed': [0, 0, 0, 0, 0, 0, 0, 0, 0, 0, 0, 0, 0, 0, 0, 0, 0, 0, 0, 0, 0, 0, 0, 0, 0, 0, 0, 0, 0, 0, 0, 0, 0, 1, 23, 33, 33, 36, 41, 47, 49, 49, 52, 55, 60, 85, 85, 95, 110, 195, 195, 189, 210, 214, 214, 228, 256, 278, 285, 305], 'old': 0, 'growth': [0.0, 0.0, 0.0, 0.0, 0.0, 0.0, 0.0, 0.0, 0.0, 0.0, 0.0, 0.0, 0.0, 0.0, 0.0, 0.0, 0.0, 0.0, 0.0, 0.0, 0.0, 0.0, 0.0, 0.0, 0.0, 0.0, 0.0, 0.0, 0.0, 0.0, 0.0, 0.0, 22.0, 0.45454545454545453, 0.0, 0.0, 1.6666666666666667, 1.2, 0.3333333333333333, 0.0, 0.0, 1.0, 1.6666666666666667, 5.0, 0.0, 0.0, 1.5, 5.666666666666667, 0.0, 0.0, -3.5, 0.19047619047619047, 0.0, 0.0, 2.0, 0.7857142857142857, 0.3181818181818182, 2.857142857142857], 'ages': [], 'recovered': [0, 0, 0, 0, 0, 0, 0, 0, 0, 0, 0, 0, 0, 0, 0, 0, 0, 0, 0, 0, 0, 0, 0, 0, 0, 0, 0, 0, 0, 0, 0, 0, 0, 0, 0, 0, 0, 0, 0, 0, 0, 0, 0, 0, 4, 4, 4, 14, 22, 35, 35, 44, 44, 60, 77, 81, 88, 100, 100, 125], 'deaths': [0, 0, 0, 0, 0, 0, 0, 0, 0, 0, 0, 0, 0, 0, 0, 0, 0, 0, 0, 0, 0, 0, 0, 0, 0, 0, 0, 0, 0, 0, 0, 0, 0, 0, 0, 0, 0, 0, 0, 0, 0, 0, 0, 0, 0, 0, 0, 0, 0, 0, 0, 0, 0, 0, 1, 1, 1, 1, 1, 1], 'ages_died': [], 'population': '1,569,446', 'log_terms': [357.62069706131797, 0.19047384372232345, 50.78637089715738, 5.475449234256018e-16], 'log_cov': [[627.8413236204138, -0.3511450837407032, 20.815831926723906, -21.78492995402816], [-0.3511450837407032, 0.0002469923763156163, -0.011541937905257763, 0.016332483919063258], [20.815831926723906, -0.011541937905257763, 0.7465962546197075, -0.4323035675014519], [-21.784929954028165, 0.01633248391906326, -0.43230356750145194, 4.6430594813569]], 'exp_terms': [100.99934242212908, 0.10186266874305501, 46.478629549206765], 'exp_cov': [[2.500088634292076e+17, 532977.7035634678, 2.5518539447808188e+16], [532977.7035634678, 2.2701105307125492e-05, 54401.3230677731], [2.5518539447808188e+16, 54401.3230677731, 2604691076217524.0]]}, 'Bangladesh': {'name': 'Bangladesh', 'size': 30, 'lat': 23.685, 'lon': 90.3563, 'confirmed': [0, 0, 0, 0, 0, 0, 0, 0, 0, 0, 0, 0, 0, 0, 0, 0, 0, 0, 0, 0, 0, 0, 0, 0, 0, 0, 0, 0, 0, 0, 0, 0, 0, 0, 0, 0, 0, 0, 0, 0, 0, 0, 0, 0, 0, 0, 3, 3, 3, 3, 3, 3, 3, 5, 8, 10, 14, 17, 20, 25], 'old': 0, 'growth': [0.0, 0.0, 0.0, 0.0, 0.0, 0.0, 0.0, 0.0, 0.0, 0.0, 0.0, 0.0, 0.0, 0.0, 0.0, 0.0, 0.0, 0.0, 0.0, 0.0, 0.0, 0.0, 0.0, 0.0, 0.0, 0.0, 0.0, 0.0, 0.0, 0.0, 0.0, 0.0, 0.0, 0.0, 0.0, 0.0, 0.0, 0.0, 0.0, 0.0, 0.0, 0.0, 0.0, 0.0, 0.0, 0.0, 0.0, 0.0, 0.0, 0.0, 0.0, 0.0, 1.5, 0.6666666666666666, 2.0, 0.75, 1.0, 1.6666666666666667], 'ages': [], 'recovered': [0, 0, 0, 0, 0, 0, 0, 0, 0, 0, 0, 0, 0, 0, 0, 0, 0, 0, 0, 0, 0, 0, 0, 0, 0, 0, 0, 0, 0, 0, 0, 0, 0, 0, 0, 0, 0, 0, 0, 0, 0, 0, 0, 0, 0, 0, 0, 0, 0, 0, 0, 0, 0, 0, 2, 3, 3, 3, 3, 3], 'deaths': [0, 0, 0, 0, 0, 0, 0, 0, 0, 0, 0, 0, 0, 0, 0, 0, 0, 0, 0, 0, 0, 0, 0, 0, 0, 0, 0, 0, 0, 0, 0, 0, 0, 0, 0, 0, 0, 0, 0, 0, 0, 0, 0, 0, 0, 0, 0, 0, 0, 0, 0, 0, 0, 0, 0, 0, 1, 1, 1, 2], 'ages_died': [], 'population': '161,376,708', 'log_terms': [97.27911290910158, 0.2727495788677081, 62.86724781039374, 0.007256450777290434], 'log_cov': [[2405.085335063218, -1.0792781168746022, 134.44270284491463, -1.2152337471199872], [-1.0792781168746022, 0.0005506513571271442, -0.061669913509175625, 0.0007914120567816349], [134.44270284491463, -0.061669913509175625, 7.546677807450615, -0.07087078313452679], [-1.2152337471199872, 0.0007914120567816349, -0.07087078313452679, 0.007726445352468829]], 'exp_terms': [74.31258142521743, 0.26579082417054506, 63.52175202803141], 'exp_cov': [[5.175757117608192e+16, 241480.0979356297, 2954999269325771.5], [241480.09793562972, 6.928941274677595e-05, 13786.841685887037], [2954999269325772.0, 13786.841685887037, 168710016395650.84]]}, 'Barbados': {'name': 'Barbados', 'size': 10, 'lat': 13.1939, 'lon': -59.5432, 'confirmed': [0, 0, 0, 0, 0, 0, 0, 0, 0, 0, 0, 0, 0, 0, 0, 0, 0, 0, 0, 0, 0, 0, 0, 0, 0, 0, 0, 0, 0, 0, 0, 0, 0, 0, 0, 0, 0, 0, 0, 0, 0, 0, 0, 0, 0, 0, 0, 0, 0, 0, 0, 0, 0, 0, 0, 2, 2, 5, 5, 6], 'old': 0, 'growth': [0.0, 0.0, 0.0, 0.0, 0.0, 0.0, 0.0, 0.0, 0.0, 0.0, 0.0, 0.0, 0.0, 0.0, 0.0, 0.0, 0.0, 0.0, 0.0, 0.0, 0.0, 0.0, 0.0, 0.0, 0.0, 0.0, 0.0, 0.0, 0.0, 0.0, 0.0, 0.0, 0.0, 0.0, 0.0, 0.0, 0.0, 0.0, 0.0, 0.0, 0.0, 0.0, 0.0, 0.0, 0.0, 0.0, 0.0, 0.0, 0.0, 0.0, 0.0, 0.0, 0.0, 0.0, 0.0, 0.0, 0.0, 0.0], 'ages': [], 'recovered': [0, 0, 0, 0, 0, 0, 0, 0, 0, 0, 0, 0, 0, 0, 0, 0, 0, 0, 0, 0, 0, 0, 0, 0, 0, 0, 0, 0, 0, 0, 0, 0, 0, 0, 0, 0, 0, 0, 0, 0, 0, 0, 0, 0, 0, 0, 0, 0, 0, 0, 0, 0, 0, 0, 0, 0, 0, 0, 0, 0], 'deaths': [0, 0, 0, 0, 0, 0, 0, 0, 0, 0, 0, 0, 0, 0, 0, 0, 0, 0, 0, 0, 0, 0, 0, 0, 0, 0, 0, 0, 0, 0, 0, 0, 0, 0, 0, 0, 0, 0, 0, 0, 0, 0, 0, 0, 0, 0, 0, 0, 0, 0, 0, 0, 0, 0, 0, 0, 0, 0, 0, 0], 'ages_died': [], 'population': '286,641', 'log_terms': [6.062127735555355, 1.1746455853756201, 56.174859241909104, 4.481086913344327e-28], 'log_cov': [[0.0545373259197982, -0.020514830771487358, 0.021332080712554848, -0.0010630897564054818], [-0.020514830771487358, 0.014846325279442832, -0.008005738736361975, 0.00045077399475106604], [0.021332080712554848, -0.008005738736361975, 0.01352424395434477, 9.791329221365653e-05], [-0.0010630897564054818, 0.0004507739947510661, 9.791329221365659e-05, 0.0006416931168970126]], 'exp_terms': [70.64877250110658, 0.4382493052316566, 65.4683160197872], 'exp_cov': [[1.763694375042412e+18, 6905846.83556139, 6.869135112927218e+16], [6905846.835561391, 0.0014543874580691702, 268964.9186840682], [6.869135112927218e+16, 268964.91868406814, 2675351119068742.0]]}, 'Belarus': {'name': 'Belarus', 'size': 40, 'lat': 53.7098, 'lon': 27.9534, 'confirmed': [0, 0, 0, 0, 0, 0, 0, 0, 0, 0, 0, 0, 0, 0, 0, 0, 0, 0, 0, 0, 0, 0, 0, 0, 0, 0, 0, 0, 0, 0, 0, 0, 0, 0, 0, 0, 0, 1, 1, 1, 1, 1, 6, 6, 6, 6, 6, 6, 9, 9, 12, 27, 27, 27, 36, 36, 51, 51, 69, 76], 'old': 0, 'growth': [0.0, 0.0, 0.0, 0.0, 0.0, 0.0, 0.0, 0.0, 0.0, 0.0, 0.0, 0.0, 0.0, 0.0, 0.0, 0.0, 0.0, 0.0, 0.0, 0.0, 0.0, 0.0, 0.0, 0.0, 0.0, 0.0, 0.0, 0.0, 0.0, 0.0, 0.0, 0.0, 0.0, 0.0, 0.0, 0.0, 0.0, 0.0, 0.0, 0.0, 0.0, 0.0, 0.0, 0.0, 0.0, 0.0, 0.0, 0.0, 0.0, 5.0, 0.0, 0.0, 0.0, 0.0, 0.0, 0.0, 0.0, 0.3888888888888889], 'ages': [], 'recovered': [0, 0, 0, 0, 0, 0, 0, 0, 0, 0, 0, 0, 0, 0, 0, 0, 0, 0, 0, 0, 0, 0, 0, 0, 0, 0, 0, 0, 0, 0, 0, 0, 0, 0, 0, 0, 0, 0, 0, 0, 0, 0, 0, 0, 0, 0, 0, 1, 3, 3, 3, 3, 3, 3, 3, 3, 5, 5, 5, 15], 'deaths': [0, 0, 0, 0, 0, 0, 0, 0, 0, 0, 0, 0, 0, 0, 0, 0, 0, 0, 0, 0, 0, 0, 0, 0, 0, 0, 0, 0, 0, 0, 0, 0, 0, 0, 0, 0, 0, 0, 0, 0, 0, 0, 0, 0, 0, 0, 0, 0, 0, 0, 0, 0, 0, 0, 0, 0, 0, 0, 0, 0], 'ages_died': [], 'population': '9,452,617', 'log_terms': [214.41440675074395, 0.2153294595756905, 61.77681048416098, 2.6420894472401824e-15], 'log_cov': [[5253.867462071275, -1.254408224265634, 184.63134260668508, -7.791764646962347], [-1.254408224265634, 0.000343243703871641, -0.04512921524330164, 0.0026796370621043537], [184.63134260668508, -0.04512921524330164, 6.522240687331586, -0.2813794894786092], [-7.791764646962347, 0.0026796370621043532, -0.2813794894786092, 0.10572005583913476]], 'exp_terms': [82.86686207883703, 0.19329893179548766, 59.29116410994344], 'exp_cov': [[1.197359244641521e+17, -731433.5850468182, 8176242688906041.0], [-731433.5850468182, 4.031531575037285e-05, -49946.401490256525], [8176242688906040.0, -49946.40149025652, 558319859366050.8]]}, 'Belgium': {'name': 'Belgium', 'size': 70, 'lat': 50.8333, 'lon': 4.0, 'confirmed': [0, 0, 0, 0, 0, 0, 0, 0, 0, 0, 0, 0, 0, 1, 1, 1, 1, 1, 1, 1, 1, 1, 1, 1, 1, 1, 1, 1, 1, 1, 1, 1, 1, 1, 1, 1, 1, 1, 1, 2, 8, 13, 23, 50, 109, 169, 200, 239, 267, 314, 314, 559, 689, 886, 1058, 1243, 1486, 1795, 2257, 2815], 'old': 0, 'growth': [0.0, 0.0, 0.0, 0.0, 0.0, 0.0, 0.0, 0.0, 0.0, 0.0, 0.0, 0.0, 0.0, 0.0, 0.0, 0.0, 0.0, 0.0, 0.0, 0.0, 0.0, 0.0, 0.0, 0.0, 0.0, 0.0, 0.0, 0.0, 0.0, 0.0, 0.0, 0.0, 0.0, 0.0, 0.0, 0.0, 0.0, 0.0, 6.0, 0.8333333333333334, 2.0, 2.7, 2.185185185185185, 1.0169491525423728, 0.5166666666666667, 1.2580645161290323, 0.717948717948718, 1.6785714285714286, 0.0, 0.0, 0.5306122448979592, 1.5153846153846153, 0.8730964467005076, 1.0755813953488371, 1.3135135135135134, 1.271604938271605, 1.4951456310679612, 1.2077922077922079], 'ages': [], 'recovered': [0, 0, 0, 0, 0, 0, 0, 0, 0, 0, 0, 0, 0, 0, 0, 0, 0, 0, 0, 0, 0, 0, 0, 0, 0, 0, 1, 1, 1, 1, 1, 1, 1, 1, 1, 1, 1, 1, 1, 1, 1, 1, 1, 1, 1, 1, 1, 1, 1, 1, 1, 1, 1, 1, 1, 1, 31, 31, 1, 263], 'deaths': [0, 0, 0, 0, 0, 0, 0, 0, 0, 0, 0, 0, 0, 0, 0, 0, 0, 0, 0, 0, 0, 0, 0, 0, 0, 0, 0, 0, 0, 0, 0, 0, 0, 0, 0, 0, 0, 0, 0, 0, 0, 0, 0, 0, 0, 0, 0, 0, 0, 3, 3, 3, 4, 4, 5, 10, 14, 21, 37, 67], 'ages_died': [], 'population': '11,482,178', 'log_terms': [19798.333254167123, 0.22406457535700683, 67.09863113821672, 1.15837977854291e-13], 'log_cov': [[87301141.23249777, -78.13084022599412, 25428.684083637527, -14217.292646623288], [-78.13084022599412, 7.880841867324972e-05, -0.02314462370305953, 0.018159671973823212], [25428.684083637527, -0.02314462370305953, 7.424660921925208, -4.324658389992707], [-14217.292646623288, 0.01815967197382321, -4.324658389992707, 21.928588101068836]], 'exp_terms': [111.09465973187454, 0.2323009707969417, 43.542215292793784], 'exp_cov': [[3.753781394676793e+16, 74688.40326391521, 1617604917690559.8], [74688.40326391521, 1.0260062604229794e-05, 3218.5238206837384], [1617604917690559.8, 3218.5238206837384, 69706927351905.16]]}, 'Benin': {'name': 'Benin', 'size': 10, 'lat': 9.3077, 'lon': 2.3158, 'confirmed': [0, 0, 0, 0, 0, 0, 0, 0, 0, 0, 0, 0, 0, 0, 0, 0, 0, 0, 0, 0, 0, 0, 0, 0, 0, 0, 0, 0, 0, 0, 0, 0, 0, 0, 0, 0, 0, 0, 0, 0, 0, 0, 0, 0, 0, 0, 0, 0, 0, 0, 0, 0, 0, 0, 1, 1, 2, 2, 2, 2], 'old': 0, 'growth': [0.0, 0.0, 0.0, 0.0, 0.0, 0.0, 0.0, 0.0, 0.0, 0.0, 0.0, 0.0, 0.0, 0.0, 0.0, 0.0, 0.0, 0.0, 0.0, 0.0, 0.0, 0.0, 0.0, 0.0, 0.0, 0.0, 0.0, 0.0, 0.0, 0.0, 0.0, 0.0, 0.0, 0.0, 0.0, 0.0, 0.0, 0.0, 0.0, 0.0, 0.0, 0.0, 0.0, 0.0, 0.0, 0.0, 0.0, 0.0, 0.0, 0.0, 0.0, 0.0, 0.0, 0.0, 0.0, 0.0, 0.0, 0.0], 'ages': [], 'recovered': [0, 0, 0, 0, 0, 0, 0, 0, 0, 0, 0, 0, 0, 0, 0, 0, 0, 0, 0, 0, 0, 0, 0, 0, 0, 0, 0, 0, 0, 0, 0, 0, 0, 0, 0, 0, 0, 0, 0, 0, 0, 0, 0, 0, 0, 0, 0, 0, 0, 0, 0, 0, 0, 0, 0, 0, 0, 0, 0, 0], 'deaths': [0, 0, 0, 0, 0, 0, 0, 0, 0, 0, 0, 0, 0, 0, 0, 0, 0, 0, 0, 0, 0, 0, 0, 0, 0, 0, 0, 0, 0, 0, 0, 0, 0, 0, 0, 0, 0, 0, 0, 0, 0, 0, 0, 0, 0, 0, 0, 0, 0, 0, 0, 0, 0, 0, 0, 0, 0, 0, 0, 0], 'ages_died': [], 'population': '11,485,044', 'log_terms': [2.053172111893445, 1.3373647038652967, 54.560543572407035, 5.047483714865337e-40], 'log_cov': [[0.0027235298218089518, -0.004040303958459711, 0.0026771212448864195, -0.00013351260852098877], [-0.004040303958459711, 0.02112576652522641, -0.003960566578387942, 0.00020124529010567775], [0.0026771212448864195, -0.003960566578387942, 0.009242890291512266, 9.471421710829323e-05], [-0.00013351260852098877, 0.00020124529010567772, 9.471421710829326e-05, 0.00011003004679730349]], 'exp_terms': [63.22894392972176, 0.28747476790378, 71.75846048089336], 'exp_cov': [[7.702314313824317e+17, -12560143.004269695, 4.820918273388125e+16], [-12560143.004269693, 0.0011717064695264635, -786145.8741790801], [4.820918273388124e+16, -786145.8741790801, 3017437623517068.5]]}, 'Bhutan': {'name': 'Bhutan', 'size': 10, 'lat': 27.5142, 'lon': 90.4336, 'confirmed': [0, 0, 0, 0, 0, 0, 0, 0, 0, 0, 0, 0, 0, 0, 0, 0, 0, 0, 0, 0, 0, 0, 0, 0, 0, 0, 0, 0, 0, 0, 0, 0, 0, 0, 0, 0, 0, 0, 0, 0, 0, 0, 0, 0, 1, 1, 1, 1, 1, 1, 1, 1, 1, 1, 1, 1, 1, 1, 2, 2], 'old': 0, 'growth': [0.0, 0.0, 0.0, 0.0, 0.0, 0.0, 0.0, 0.0, 0.0, 0.0, 0.0, 0.0, 0.0, 0.0, 0.0, 0.0, 0.0, 0.0, 0.0, 0.0, 0.0, 0.0, 0.0, 0.0, 0.0, 0.0, 0.0, 0.0, 0.0, 0.0, 0.0, 0.0, 0.0, 0.0, 0.0, 0.0, 0.0, 0.0, 0.0, 0.0, 0.0, 0.0, 0.0, 0.0, 0.0, 0.0, 0.0, 0.0, 0.0, 0.0, 0.0, 0.0, 0.0, 0.0, 0.0, 0.0, 0.0, 0.0], 'ages': [], 'recovered': [0, 0, 0, 0, 0, 0, 0, 0, 0, 0, 0, 0, 0, 0, 0, 0, 0, 0, 0, 0, 0, 0, 0, 0, 0, 0, 0, 0, 0, 0, 0, 0, 0, 0, 0, 0, 0, 0, 0, 0, 0, 0, 0, 0, 0, 0, 0, 0, 0, 0, 0, 0, 0, 0, 0, 0, 0, 0, 0, 0], 'deaths': [0, 0, 0, 0, 0, 0, 0, 0, 0, 0, 0, 0, 0, 0, 0, 0, 0, 0, 0, 0, 0, 0, 0, 0, 0, 0, 0, 0, 0, 0, 0, 0, 0, 0, 0, 0, 0, 0, 0, 0, 0, 0, 0, 0, 0, 0, 0, 0, 0, 0, 0, 0, 0, 0, 0, 0, 0, 0, 0, 0], 'ages_died': [], 'population': '754,388', 'log_terms': [2.0000000000000004, 0.17511916799522603, 51.05976214851175, 5.367142389993821e-26], 'log_cov': [[0.2904067868514554, -0.02461547942800211, 1.8326512561261994, -0.009588613605509671], [-0.02461547942800211, 0.0025731991118077184, -0.15430671761033088, 0.0010940799565281884], [1.8326512561261994, -0.15430671761033088, 12.286096146841011, -0.04040566719180256], [-0.009588613605509671, 0.0010940799565281884, -0.04040566719180256, 0.0017511639561739489]], 'exp_terms': [35.887221334412644, 0.10439678808385387, 88.80884107416938], 'exp_cov': [[1.8878259471427514e+17, -963364.7707101337, 5.297561325780689e+16], [-963364.770710134, 0.00012852908812887635, -270336.61078849505], [5.297561325780689e+16, -270336.610788495, 1.4865859875950288e+16]]}, 'Bolivia': {'name': 'Bolivia', 'size': 20, 'lat': -16.2902, 'lon': -63.5887, 'confirmed': [0, 0, 0, 0, 0, 0, 0, 0, 0, 0, 0, 0, 0, 0, 0, 0, 0, 0, 0, 0, 0, 0, 0, 0, 0, 0, 0, 0, 0, 0, 0, 0, 0, 0, 0, 0, 0, 0, 0, 0, 0, 0, 0, 0, 0, 0, 0, 0, 0, 2, 2, 3, 10, 10, 11, 11, 12, 12, 15, 19], 'old': 0, 'growth': [0.0, 0.0, 0.0, 0.0, 0.0, 0.0, 0.0, 0.0, 0.0, 0.0, 0.0, 0.0, 0.0, 0.0, 0.0, 0.0, 0.0, 0.0, 0.0, 0.0, 0.0, 0.0, 0.0, 0.0, 0.0, 0.0, 0.0, 0.0, 0.0, 0.0, 0.0, 0.0, 0.0, 0.0, 0.0, 0.0, 0.0, 0.0, 0.0, 0.0, 0.0, 0.0, 0.0, 0.0, 0.0, 0.0, 0.0, 0.0, 0.0, 0.0, 7.0, 0.0, 0.0, 0.0, 0.0, 0.0, 0.0, 1.3333333333333333], 'ages': [], 'recovered': [0, 0, 0, 0, 0, 0, 0, 0, 0, 0, 0, 0, 0, 0, 0, 0, 0, 0, 0, 0, 0, 0, 0, 0, 0, 0, 0, 0, 0, 0, 0, 0, 0, 0, 0, 0, 0, 0, 0, 0, 0, 0, 0, 0, 0, 0, 0, 0, 0, 0, 0, 0, 0, 0, 0, 0, 0, 0, 0, 0], 'deaths': [0, 0, 0, 0, 0, 0, 0, 0, 0, 0, 0, 0, 0, 0, 0, 0, 0, 0, 0, 0, 0, 0, 0, 0, 0, 0, 0, 0, 0, 0, 0, 0, 0, 0, 0, 0, 0, 0, 0, 0, 0, 0, 0, 0, 0, 0, 0, 