<html>
  <head>
    <meta charset="utf-8">
    <meta name="viewport" content="initial-scale=1, maximum-scale=1, user-scalable=no">
    <link rel="icon" type="image/png" href="https://upload.wikimedia.org/wikipedia/commons/thumb/6/68/Ambulance_font_awesome.svg/200px-Ambulance_font_awesome.svg.png">
    <title>COVID-19 Dashboard</title>
    <style>
      html, body {
        padding: 0;
        margin: 0;
        height: 100%;
        width: 100%;
        font-family: "Lato", sans-serif;
        color: #EEEEEE;
      }
      #viewDiv {
        margin:0;
        padding:0;
        width:100%;
        height:100%;
      }
      .plot-container {
        top: 0;
        left: 0;
        z-index:98;
        background-color: #393e46;
        overflow: hidden;
        position: absolute;
        height: 100%;
      }
      .popup {
        top: 0;
        left: 0;
        z-index:50;
        background-color: #393e46;
        overflow: hidden;
        position: absolute;
        transition: 0.5s;
        opacity: 0.8;
        border-radius: 5px;
        border: 1px solid black;
      }
      .tools-btn {
        font-size: 18px;
        cursor: pointer;
        z-index: 99;
        position: absolute;
        right: 2%;
        top: 2%;
        color: #EEEEEE;
      }
      
      .tools-btn:hover {
        color: #4ecca3;
      }
      
      .tools-btn:active {
        color: #4d6dcb;
      }

      .plt-ctn {
        margin: 0;
        position: absolute;
        width:100%;
        height:70%;
        padding: 5px;
        top: 5%;
      }

      .disable {
        top: 0;
        left: 0;
        z-index:80;
        opacity: 0.2;
        background-color: #393e46;
        overflow: hidden;
        position: absolute;
      }

      .control {
        overflow: hidden;
        position: absolute;
      }

      .warning {
        position: absolute;
        overflow: hidden;
        z-index: 99;
        top: 0;
        left: 0;
        opacity: 0.5;
        background-color: #FF0000;
        transition: 0.5s;
        width: 100%;
        height: 0;
      }

      #sliderDiv {
        position: absolute;
        z-index: 1;
        bottom: 0;
        border: 1px solid black;
        background-color: #FEFEFE;
        height: 50px;
        width: 100%;
      }

      table, td, tr, th {
        border: 1px solid #EEEEEE;
        border-collapse: collapse;
      }

      .tab {
        overflow: hidden;
        background-color: inherit;
        padding: 5px;
      }

      .tab button {
        background-color: inherit;
        color: #eeeeee;
        float: left;
        border: 1px solid #eeeeee;
        outline: none;
        cursor: pointer;
        padding: 14px 16px;
        transition: 0.3s;
      }

      .tab button:hover {
        background-color: #444444;
      }
      
      .tab button.active {
        background-color: #333333;
      }
    </style>
    <link rel="stylesheet" href="https://cdnjs.cloudflare.com/ajax/libs/font-awesome/4.7.0/css/font-awesome.min.css">
    <link rel="stylesheet" href="https://js.arcgis.com/4.14/esri/themes/light/main.css">
    <script src="https://cdn.plot.ly/plotly-latest.min.js"></script>
    <script src="https://js.arcgis.com/4.14/"></script>
    <script>
      var selected_data = null;
      var LOG_SCALE = false;
      var ENABLE_EXP = false;
      var ENABLE_LOG = false;
      var SLIDER_POS = 54;
      var PLOT_TYPE = "TRACE";
      var all_data = {'Afghanistan': {'name': 'Afghanistan', 'size': 30, 'lat': 33.0, 'lon': 65.0, 'confirmed': [0, 0, 0, 0, 0, 0, 0, 0, 0, 0, 0, 0, 0, 0, 0, 0, 0, 0, 0, 0, 0, 0, 0, 0, 0, 0, 0, 0, 0, 0, 0, 0, 0, 1, 1, 1, 1, 1, 1, 1, 1, 1, 1, 1, 1, 1, 4, 4, 5, 7, 7, 7, 11, 16, 21], 'old': 0, 'growth': [0.0, 0.0, 0.0, 0.0, 0.0, 0.0, 0.0, 0.0, 0.0, 0.0, 0.0, 0.0, 0.0, 0.0, 0.0, 0.0, 0.0, 0.0, 0.0, 0.0, 0.0, 0.0, 0.0, 0.0, 0.0, 0.0, 0.0, 0.0, 0.0, 0.0, 0.0, 0.0, 0.0, 0.0, 0.0, 0.0, 0.0, 0.0, 0.0, 0.0, 0.0, 0.0, 0.0, 0.0, 0.0, 0.0, 0.0, 2.0, 0.0, 0.0, 0.0, 1.25, 1.0], 'ages': [35.0], 'recovered': [0, 0, 0, 0, 0, 0, 0, 0, 0, 0, 0, 0, 0, 0, 0, 0, 0, 0, 0, 0, 0, 0, 0, 0, 0, 0, 0, 0, 0, 0, 0, 0, 0, 0, 0, 0, 0, 0, 0, 0, 0, 0, 0, 0, 0, 0, 0, 0, 0, 0, 0, 0, 0, 0, 1], 'deaths': [0, 0, 0, 0, 0, 0, 0, 0, 0, 0, 0, 0, 0, 0, 0, 0, 0, 0, 0, 0, 0, 0, 0, 0, 0, 0, 0, 0, 0, 0, 0, 0, 0, 0, 0, 0, 0, 0, 0, 0, 0, 0, 0, 0, 0, 0, 0, 0, 0, 0, 0, 0, 0, 0, 0], 'ages_died': [], 'log_terms': [38.18120478401504, 0.36346033274379563, 53.99999999999999, 0.22455880187369462], 'log_cov': [[158.8667443423597, -0.5960079687723185, 21.27963399635667, -0.35754145641636426], [-0.5960079687723185, 0.0026115513234489305, -0.0817683597964825, 0.001971111683602572], [21.279633996356672, -0.08176835979648252, 2.872885710967523, -0.04637222479746708], [-0.35754145641636426, 0.001971111683602572, -0.04637222479746708, 0.013338826426350422]], 'exp_terms': [82.08859488620016, 0.2909084537537404, 59.497996146762866], 'exp_cov': [[1.0028207091644586e+17, 787005.5366885917, 4784219792031669.0], [787005.5366885916, 0.00015992024416901712, 37546.16456674208], [4784219792031668.0, 37546.16456674208, 228243780860272.28]]}, 'Albania': {'name': 'Albania', 'size': 30, 'lat': 41.1533, 'lon': 20.1683, 'confirmed': [0, 0, 0, 0, 0, 0, 0, 0, 0, 0, 0, 0, 0, 0, 0, 0, 0, 0, 0, 0, 0, 0, 0, 0, 0, 0, 0, 0, 0, 0, 0, 0, 0, 0, 0, 0, 0, 0, 0, 0, 0, 0, 0, 0, 0, 0, 0, 2, 10, 12, 23, 33, 38, 42, 51], 'old': 0, 'growth': [0.0, 0.0, 0.0, 0.0, 0.0, 0.0, 0.0, 0.0, 0.0, 0.0, 0.0, 0.0, 0.0, 0.0, 0.0, 0.0, 0.0, 0.0, 0.0, 0.0, 0.0, 0.0, 0.0, 0.0, 0.0, 0.0, 0.0, 0.0, 0.0, 0.0, 0.0, 0.0, 0.0, 0.0, 0.0, 0.0, 0.0, 0.0, 0.0, 0.0, 0.0, 0.0, 0.0, 0.0, 0.0, 0.0, 4.0, 0.25, 5.5, 0.9090909090909091, 0.5, 0.8, 2.25], 'ages': [], 'recovered': [0, 0, 0, 0, 0, 0, 0, 0, 0, 0, 0, 0, 0, 0, 0, 0, 0, 0, 0, 0, 0, 0, 0, 0, 0, 0, 0, 0, 0, 0, 0, 0, 0, 0, 0, 0, 0, 0, 0, 0, 0, 0, 0, 0, 0, 0, 0, 0, 0, 0, 0, 0, 0, 0, 0], 'deaths': [0, 0, 0, 0, 0, 0, 0, 0, 0, 0, 0, 0, 0, 0, 0, 0, 0, 0, 0, 0, 0, 0, 0, 0, 0, 0, 0, 0, 0, 0, 0, 0, 0, 0, 0, 0, 0, 0, 0, 0, 0, 0, 0, 0, 0, 0, 0, 0, 0, 1, 1, 1, 1, 1, 1], 'ages_died': [], 'log_terms': [51.67610668031099, 0.7361639397376267, 50.40862654994276, 1.5780031197928392e-14], 'log_cov': [[1.8098212345605234, -0.04208091319447389, 0.12676377348598974, -0.03678491460287976], [-0.04208091319447389, 0.0015526935459214911, -0.002941134647502368, 0.001047619737667689], [0.12676377348598974, -0.002941134647502368, 0.011623259805785753, -0.00011442306074207731], [-0.03678491460287976, 0.001047619737667689, -0.00011442306074207734, 0.017064049689166246]], 'exp_terms': [89.99073150283496, 0.32079088169421877, 55.694043765422], 'exp_cov': [[3.0791090425333344e+17, 1937729.7308015842, 1.2297654061275568e+16], [1937729.7308015842, 0.00041905611376623364, 77390.98722736126], [1.2297654061275568e+16, 77390.98722736126, 491156023777518.6]]}, 'Algeria': {'name': 'Algeria', 'size': 40, 'lat': 28.0339, 'lon': 1.6596, 'confirmed': [0, 0, 0, 0, 0, 0, 0, 0, 0, 0, 0, 0, 0, 0, 0, 0, 0, 0, 0, 0, 0, 0, 0, 0, 0, 0, 0, 0, 0, 0, 0, 0, 0, 0, 1, 1, 1, 1, 1, 1, 3, 5, 12, 12, 17, 17, 19, 20, 20, 20, 24, 26, 37, 48, 54], 'old': 0, 'growth': [0.0, 0.0, 0.0, 0.0, 0.0, 0.0, 0.0, 0.0, 0.0, 0.0, 0.0, 0.0, 0.0, 0.0, 0.0, 0.0, 0.0, 0.0, 0.0, 0.0, 0.0, 0.0, 0.0, 0.0, 0.0, 0.0, 0.0, 0.0, 0.0, 0.0, 0.0, 0.0, 0.0, 0.0, 0.0, 0.0, 0.0, 0.0, 0.0, 1.0, 3.5, 0.0, 0.0, 0.0, 0.0, 0.5, 0.0, 0.0, 0.0, 0.5, 5.5, 1.0, 0.5454545454545454], 'ages': [], 'recovered': [0, 0, 0, 0, 0, 0, 0, 0, 0, 0, 0, 0, 0, 0, 0, 0, 0, 0, 0, 0, 0, 0, 0, 0, 0, 0, 0, 0, 0, 0, 0, 0, 0, 0, 0, 0, 0, 0, 0, 0, 0, 0, 0, 0, 0, 0, 0, 0, 0, 0, 8, 8, 12, 12, 12], 'deaths': [0, 0, 0, 0, 0, 0, 0, 0, 0, 0, 0, 0, 0, 0, 0, 0, 0, 0, 0, 0, 0, 0, 0, 0, 0, 0, 0, 0, 0, 0, 0, 0, 0, 0, 0, 0, 0, 0, 0, 0, 0, 0, 0, 0, 0, 0, 0, 0, 0, 0, 1, 2, 3, 4, 4], 'ages_died': [], 'log_terms': [97.9496450550001, 0.21152415565441535, 53.99999999999999, 2.7193060861426065e-12], 'log_cov': [[1312.604897913218, -1.1042782418944217, 116.06321398186405, -5.884283378686599], [-1.1042782418944217, 0.0010797378100384902, -0.09979791736556302, 0.007081695691852238], [116.06321398186405, -0.09979791736556302, 10.338058471623281, -0.5088821555353643], [-5.884283378686599, 0.007081695691852236, -0.5088821555353643, 0.20482756612349892]], 'exp_terms': [87.2683841768021, 0.1748564301213828, 57.13913238238056], 'exp_cov': [[2.1842875156447405e+17, 1346148.225707606, 1.5532218563444654e+16], [1346148.225707606, 7.954396832031309e-05, 95723.05768600889], [1.5532218563444652e+16, 95723.05768600889, 1104478287655297.5]]}, 'Andorra': {'name': 'Andorra', 'size': 10, 'lat': 42.5063, 'lon': 1.5218, 'confirmed': [0, 0, 0, 0, 0, 0, 0, 0, 0, 0, 0, 0, 0, 0, 0, 0, 0, 0, 0, 0, 0, 0, 0, 0, 0, 0, 0, 0, 0, 0, 0, 0, 0, 0, 0, 0, 0, 0, 0, 0, 1, 1, 1, 1, 1, 1, 1, 1, 1, 1, 1, 1, 1, 1, 2], 'old': 0, 'growth': [0.0, 0.0, 0.0, 0.0, 0.0, 0.0, 0.0, 0.0, 0.0, 0.0, 0.0, 0.0, 0.0, 0.0, 0.0, 0.0, 0.0, 0.0, 0.0, 0.0, 0.0, 0.0, 0.0, 0.0, 0.0, 0.0, 0.0, 0.0, 0.0, 0.0, 0.0, 0.0, 0.0, 0.0, 0.0, 0.0, 0.0, 0.0, 0.0, 0.0, 0.0, 0.0, 0.0, 0.0, 0.0, 0.0, 0.0, 0.0, 0.0, 0.0, 0.0, 0.0, 0.0], 'ages': [], 'recovered': [0, 0, 0, 0, 0, 0, 0, 0, 0, 0, 0, 0, 0, 0, 0, 0, 0, 0, 0, 0, 0, 0, 0, 0, 0, 0, 0, 0, 0, 0, 0, 0, 0, 0, 0, 0, 0, 0, 0, 0, 0, 0, 0, 0, 0, 0, 0, 0, 0, 0, 1, 0, 1, 1, 1], 'deaths': [0, 0, 0, 0, 0, 0, 0, 0, 0, 0, 0, 0, 0, 0, 0, 0, 0, 0, 0, 0, 0, 0, 0, 0, 0, 0, 0, 0, 0, 0, 0, 0, 0, 0, 0, 0, 0, 0, 0, 0, 0, 0, 0, 0, 0, 0, 0, 0, 0, 0, 0, 0, 0, 0, 0], 'ages_died': [], 'log_terms': [2.0000000000000004, 0.16504104118646346, 47.437424509873374, 9.989876822809074e-18], 'log_cov': [[0.5637719502463928, -0.038771808088426014, 3.6232135692111944, -0.01702179950670269], [-0.038771808088426014, 0.0031917775546682087, -0.2484311443187855, 0.001573631875027234], [3.6232135692111944, -0.24843114431878546, 24.158173931985264, -0.0846666717359291], [-0.01702179950670269, 0.0015736318750272339, -0.0846666717359291, 0.002318643147013275]], 'exp_terms': [41.09255092497158, 0.10136514385083376, 87.39204841524116], 'exp_cov': [[5.95603080396456e+17, -3143217.629897174, 1.5012034771250518e+17], [-3143217.629897174, 0.00017585759966151973, -792240.6264209381], [1.501203477125052e+17, -792240.6264209381, 3.783747858107548e+16]]}, 'Antigua and Barbuda': {'name': 'Antigua and Barbuda', 'size': 0, 'lat': 17.0608, 'lon': -61.7964, 'confirmed': [0, 0, 0, 0, 0, 0, 0, 0, 0, 0, 0, 0, 0, 0, 0, 0, 0, 0, 0, 0, 0, 0, 0, 0, 0, 0, 0, 0, 0, 0, 0, 0, 0, 0, 0, 0, 0, 0, 0, 0, 0, 0, 0, 0, 0, 0, 0, 0, 0, 0, 0, 1, 1, 1, 1], 'old': 0, 'growth': [0.0, 0.0, 0.0, 0.0, 0.0, 0.0, 0.0, 0.0, 0.0, 0.0, 0.0, 0.0, 0.0, 0.0, 0.0, 0.0, 0.0, 0.0, 0.0, 0.0, 0.0, 0.0, 0.0, 0.0, 0.0, 0.0, 0.0, 0.0, 0.0, 0.0, 0.0, 0.0, 0.0, 0.0, 0.0, 0.0, 0.0, 0.0, 0.0, 0.0, 0.0, 0.0, 0.0, 0.0, 0.0, 0.0, 0.0, 0.0, 0.0, 0.0, 0.0, 0.0, 0.0], 'ages': [], 'recovered': [0, 0, 0, 0, 0, 0, 0, 0, 0, 0, 0, 0, 0, 0, 0, 0, 0, 0, 0, 0, 0, 0, 0, 0, 0, 0, 0, 0, 0, 0, 0, 0, 0, 0, 0, 0, 0, 0, 0, 0, 0, 0, 0, 0, 0, 0, 0, 0, 0, 0, 0, 0, 0, 0, 0], 'deaths': [0, 0, 0, 0, 0, 0, 0, 0, 0, 0, 0, 0, 0, 0, 0, 0, 0, 0, 0, 0, 0, 0, 0, 0, 0, 0, 0, 0, 0, 0, 0, 0, 0, 0, 0, 0, 0, 0, 0, 0, 0, 0, 0, 0, 0, 0, 0, 0, 0, 0, 0, 0, 0, 0, 0], 'ages_died': [], 'log_terms': [1.0017806121538868, 9.999999999999998, 50.507175701471624, 1.7636985844699416e-20], 'log_cov': [[5.39456541854792e-07, -7.504383984280352e-05, 3.3676279925947663e-06, -3.053445437818091e-08], [-7.504383984280352e-05, 0.07998838608814561, -2.0116084684098437e-05, 4.860594167518248e-06], [3.3676279925947663e-06, -2.0116084684098437e-05, 0.00020071144577428184, 2.4258103863109963e-07], [-3.053445437818091e-08, 4.860594167518249e-06, 2.425810386310997e-07, 3.0533522744688696e-08]], 'exp_terms': [68.81301043606535, 0.37881186874393813, 66.48338999394626], 'exp_cov': [[3.941859949083155e+18, 104311795.65842943, 1.783303199613283e+17], [104311795.65842943, 0.006156737218374922, 4719080.770219882], [1.783303199613283e+17, 4719080.770219882, 8067689727258464.0]]}, 'Argentina': {'name': 'Argentina', 'size': 40, 'lat': -38.4161, 'lon': -63.6167, 'confirmed': [0, 0, 0, 0, 0, 0, 0, 0, 0, 0, 0, 0, 0, 0, 0, 0, 0, 0, 0, 0, 0, 0, 0, 0, 0, 0, 0, 0, 0, 0, 0, 0, 0, 0, 0, 0, 0, 0, 0, 0, 0, 1, 1, 1, 2, 8, 12, 12, 17, 19, 19, 31, 34, 45, 56], 'old': 0, 'growth': [0.0, 0.0, 0.0, 0.0, 0.0, 0.0, 0.0, 0.0, 0.0, 0.0, 0.0, 0.0, 0.0, 0.0, 0.0, 0.0, 0.0, 0.0, 0.0, 0.0, 0.0, 0.0, 0.0, 0.0, 0.0, 0.0, 0.0, 0.0, 0.0, 0.0, 0.0, 0.0, 0.0, 0.0, 0.0, 0.0, 0.0, 0.0, 0.0, 0.0, 0.0, 0.0, 0.0, 6.0, 0.6666666666666666, 0.0, 0.0, 0.4, 0.0, 0.0, 0.25, 3.6666666666666665, 1.0], 'ages': [], 'recovered': [0, 0, 0, 0, 0, 0, 0, 0, 0, 0, 0, 0, 0, 0, 0, 0, 0, 0, 0, 0, 0, 0, 0, 0, 0, 0, 0, 0, 0, 0, 0, 0, 0, 0, 0, 0, 0, 0, 0, 0, 0, 0, 0, 0, 0, 0, 0, 0, 0, 0, 0, 0, 1, 1, 1], 'deaths': [0, 0, 0, 0, 0, 0, 0, 0, 0, 0, 0, 0, 0, 0, 0, 0, 0, 0, 0, 0, 0, 0, 0, 0, 0, 0, 0, 0, 0, 0, 0, 0, 0, 0, 0, 0, 0, 0, 0, 0, 0, 0, 0, 0, 0, 0, 1, 1, 1, 1, 1, 2, 2, 2, 2], 'ages_died': [], 'log_terms': [107.4500169956714, 0.3167052411315851, 53.99999999999989, 5.734027455323708e-13], 'log_cov': [[471.6434624558269, -0.5436916072847399, 25.65552226209187, -1.2416684024901732], [-0.5436916072847399, 0.0007318888647592721, -0.030286039344883768, 0.0020966532343868797], [25.655522262091875, -0.030286039344883768, 1.4064950126710467, -0.06558770937526688], [-1.2416684024901732, 0.0020966532343868797, -0.06558770937526687, 0.04543519389821501]], 'exp_terms': [89.55729880014557, 0.26527895083924513, 55.944365778115525], 'exp_cov': [[5.690769392513432e+16, 671908.6303831419, 2700609257409175.5], [671908.6303831419, 8.09212203869518e-05, 31886.068330037968], [2700609257409175.0, 31886.06833003796, 128160005408037.19]]}, 'Armenia': {'name': 'Armenia', 'size': 30, 'lat': 40.0691, 'lon': 45.0382, 'confirmed': [0, 0, 0, 0, 0, 0, 0, 0, 0, 0, 0, 0, 0, 0, 0, 0, 0, 0, 0, 0, 0, 0, 0, 0, 0, 0, 0, 0, 0, 0, 0, 0, 0, 0, 0, 0, 0, 0, 0, 1, 1, 1, 1, 1, 1, 1, 1, 1, 1, 1, 4, 8, 18, 26, 52], 'old': 0, 'growth': [0.0, 0.0, 0.0, 0.0, 0.0, 0.0, 0.0, 0.0, 0.0, 0.0, 0.0, 0.0, 0.0, 0.0, 0.0, 0.0, 0.0, 0.0, 0.0, 0.0, 0.0, 0.0, 0.0, 0.0, 0.0, 0.0, 0.0, 0.0, 0.0, 0.0, 0.0, 0.0, 0.0, 0.0, 0.0, 0.0, 0.0, 0.0, 0.0, 0.0, 0.0, 0.0, 0.0, 0.0, 0.0, 0.0, 0.0, 0.0, 0.0, 1.3333333333333333, 2.5, 0.8, 3.25], 'ages': [], 'recovered': [0, 0, 0, 0, 0, 0, 0, 0, 0, 0, 0, 0, 0, 0, 0, 0, 0, 0, 0, 0, 0, 0, 0, 0, 0, 0, 0, 0, 0, 0, 0, 0, 0, 0, 0, 0, 0, 0, 0, 0, 0, 0, 0, 0, 0, 0, 0, 0, 0, 0, 0, 0, 0, 0, 0], 'deaths': [0, 0, 0, 0, 0, 0, 0, 0, 0, 0, 0, 0, 0, 0, 0, 0, 0, 0, 0, 0, 0, 0, 0, 0, 0, 0, 0, 0, 0, 0, 0, 0, 0, 0, 0, 0, 0, 0, 0, 0, 0, 0, 0, 0, 0, 0, 0, 0, 0, 0, 0, 0, 0, 0, 0], 'ages_died': [], 'log_terms': [100.5097201625511, 0.8589983344435599, 53.999999999999964, 0.19924697201316915], 'log_cov': [[347.08820093322475, -1.2834596304962558, 7.744968633875021, -0.34053091977384425], [-1.2834596304962556, 0.0054197961501451725, -0.02918473415503392, 0.0017843663947285835], [7.744968633875021, -0.02918473415503392, 0.17400423335187115, -0.007201826997551571], [-0.34053091977384425, 0.0017843663947285835, -0.007201826997551572, 0.013616056619763455]], 'exp_terms': [91.55639059736158, 0.8410423497968103, 54.940179674467565], 'exp_cov': [[6.763750512979095e+17, -21712997.094327275, 1.2104112557168908e+16], [-21712997.094327275, 0.0013099437431641104, -388566.3150646529], [1.2104112557168908e+16, -388566.3150646529, 216609912674150.22]]}, 'Aruba': {'name': 'Aruba', 'size': 10, 'lat': 12.5211, 'lon': -69.9683, 'confirmed': [0, 0, 0, 0, 0, 0, 0, 0, 0, 0, 0, 0, 0, 0, 0, 0, 0, 0, 0, 0, 0, 0, 0, 0, 0, 0, 0, 0, 0, 0, 0, 0, 0, 0, 0, 0, 0, 0, 0, 0, 0, 0, 0, 0, 0, 0, 0, 0, 0, 0, 0, 2, 2, 2, 2], 'old': 0, 'growth': [0.0, 0.0, 0.0, 0.0, 0.0, 0.0, 0.0, 0.0, 0.0, 0.0, 0.0, 0.0, 0.0, 0.0, 0.0, 0.0, 0.0, 0.0, 0.0, 0.0, 0.0, 0.0, 0.0, 0.0, 0.0, 0.0, 0.0, 0.0, 0.0, 0.0, 0.0, 0.0, 0.0, 0.0, 0.0, 0.0, 0.0, 0.0, 0.0, 0.0, 0.0, 0.0, 0.0, 0.0, 0.0, 0.0, 0.0, 0.0, 0.0, 0.0, 0.0, 0.0, 0.0], 'ages': [], 'recovered': [0, 0, 0, 0, 0, 0, 0, 0, 0, 0, 0, 0, 0, 0, 0, 0, 0, 0, 0, 0, 0, 0, 0, 0, 0, 0, 0, 0, 0, 0, 0, 0, 0, 0, 0, 0, 0, 0, 0, 0, 0, 0, 0, 0, 0, 0, 0, 0, 0, 0, 0, 0, 0, 0, 0], 'deaths': [0, 0, 0, 0, 0, 0, 0, 0, 0, 0, 0, 0, 0, 0, 0, 0, 0, 0, 0, 0, 0, 0, 0, 0, 0, 0, 0, 0, 0, 0, 0, 0, 0, 0, 0, 0, 0, 0, 0, 0, 0, 0, 0, 0, 0, 0, 0, 0, 0, 0, 0, 0, 0, 0, 0], 'ages_died': [], 'log_terms': [2.0035612246879047, 9.999999999999998, 50.50717571157399, 3.63601474887493e-20], 'log_cov': [[2.157826763795063e-06, -0.0001500878515119089, 6.735256778203368e-06, -1.2213783682646846e-07], [-0.0001500878515119089, 0.07998841408061003, -2.0116097294455118e-05, 9.721191019268248e-06], [6.735256778203369e-06, -2.0116097294455118e-05, 0.0002007114450627846, 4.851620264062912e-07], [-1.2213783682646846e-07, 9.721191019268248e-06, 4.851620264062911e-07, 1.221340909790776e-07]], 'exp_terms': [75.70672604799948, 0.37881259904544534, 64.62268002467451], 'exp_cov': [[4.027534195806489e+18, -73236016.03381468, 1.6561460188957302e+17], [-73236016.03381468, 0.0047279544123051, -3011508.633343239], [1.6561460188957302e+17, -3011508.633343239, 6810170944693728.0]]}, 'Australia': {'name': 'Australia', 'size': 50, 'lat': -24.6483001, 'lon': 133.948055, 'confirmed': [0, 0, 0, 0, 4, 5, 5, 6, 9, 9, 12, 12, 12, 13, 13, 14, 15, 15, 15, 15, 15, 15, 15, 15, 15, 15, 15, 15, 15, 15, 19, 22, 22, 22, 22, 22, 23, 23, 25, 27, 30, 39, 52, 55, 60, 63, 76, 91, 107, 128, 128, 200, 250, 297, 377], 'recovered': [0, 0, 0, 0, 0, 0, 0, 0, 2, 2, 2, 2, 2, 2, 2, 2, 2, 2, 2, 2, 2, 2, 8, 8, 8, 8, 10, 10, 10, 10, 11, 11, 11, 11, 11, 11, 11, 11, 11, 11, 11, 11, 11, 21, 21, 21, 21, 21, 21, 21, 21, 23, 23, 23, 23], 'deaths': [0, 0, 0, 0, 0, 0, 0, 0, 0, 0, 0, 0, 0, 0, 0, 0, 0, 0, 0, 0, 0, 0, 0, 0, 0, 0, 0, 0, 0, 0, 0, 0, 0, 0, 0, 0, 0, 0, 0, 1, 1, 1, 2, 2, 2, 2, 3, 3, 3, 3, 3, 3, 3, 3, 3], 'growth': [0.0, 0.0, 0.0, 0.25, 0.0, 0.0, 3.0, 0.0, 0.0, 0.0, 0.0, 0.0, 0.0, 0.0, 1.0, 0.0, 0.0, 0.0, 0.0, 0.0, 0.0, 0.0, 0.0, 0.0, 0.0, 0.0, 0.0, 0.0, 0.0, 0.75, 0.0, 0.0, 0.0, 0.0, 0.0, 0.0, 0.0, 1.0, 1.5, 3.0, 1.4444444444444444, 0.23076923076923078, 1.6666666666666667, 0.6, 4.333333333333333, 1.1538461538461537, 1.0666666666666667, 1.3125, 0.0, 0.0, 0.6944444444444444, 0.94, 1.702127659574468], 'old': 0, 'ages': [35.0, 43.0, 53.0, 55.0, 21.0, 44.0, 65.0, 45.0, 42.0, 60.0, 60.0, 25.0, 8.0, 37.0, 37.0], 'ages_died': [], 'log_terms': [681.6128619678639, 0.29439406208520125, 53.99999999999999, 9.999999999999998], 'log_cov': [[31459.799656791303, -5.298671632647037, 289.6155119111735, -90.40078380174758], [-5.298671632647037, 0.0010417779971434193, -0.04994297420052639, 0.02224577572888385], [289.6155119111735, -0.04994297420052639, 2.6869114666236347, -0.80929722974999], [-90.4007838017476, 0.02224577572888385, -0.80929722974999, 3.275199487562901]], 'exp_terms': [106.09289915698452, 0.20783733276605199, 47.554516830016325], 'exp_cov': [[1.2432647887709003e+17, -1633746.929292019, 6205875486823936.0], [-1633746.9292920188, 0.00010290770484630503, -81550.04406423071], [6205875486823936.0, -81550.04406423071, 309772229583018.5]]}, 'Austria': {'name': 'Austria', 'size': 60, 'lat': 47.5162, 'lon': 14.5501, 'confirmed': [0, 0, 0, 0, 0, 0, 0, 0, 0, 0, 0, 0, 0, 0, 0, 0, 0, 0, 0, 0, 0, 0, 0, 0, 0, 0, 0, 0, 0, 0, 0, 0, 0, 0, 2, 2, 3, 3, 9, 14, 18, 21, 29, 41, 55, 79, 104, 131, 182, 246, 302, 504, 655, 860, 1018], 'old': 0, 'growth': [0.0, 0.0, 0.0, 0.0, 0.0, 0.0, 0.0, 0.0, 0.0, 0.0, 0.0, 0.0, 0.0, 0.0, 0.0, 0.0, 0.0, 0.0, 0.0, 0.0, 0.0, 0.0, 0.0, 0.0, 0.0, 0.0, 0.0, 0.0, 0.0, 0.0, 0.0, 0.0, 0.0, 0.0, 0.0, 0.0, 0.0, 0.8333333333333334, 0.8, 0.75, 2.6666666666666665, 1.5, 1.1666666666666667, 1.7142857142857142, 1.0416666666666667, 1.08, 1.8888888888888888, 1.2549019607843137, 0.875, 3.607142857142857, 0.7475247524752475, 1.3576158940397351, 0.7707317073170732], 'ages': [24.0, 24.0], 'recovered': [0, 0, 0, 0, 0, 0, 0, 0, 0, 0, 0, 0, 0, 0, 0, 0, 0, 0, 0, 0, 0, 0, 0, 0, 0, 0, 0, 0, 0, 0, 0, 0, 0, 0, 0, 0, 0, 0, 0, 0, 0, 0, 0, 0, 0, 0, 0, 2, 4, 4, 4, 6, 6, 6, 6], 'deaths': [0, 0, 0, 0, 0, 0, 0, 0, 0, 0, 0, 0, 0, 0, 0, 0, 0, 0, 0, 0, 0, 0, 0, 0, 0, 0, 0, 0, 0, 0, 0, 0, 0, 0, 0, 0, 0, 0, 0, 0, 0, 0, 0, 0, 0, 0, 0, 0, 0, 0, 1, 1, 1, 1, 3], 'ages_died': [], 'log_terms': [2064.117916141863, 0.39262915061076614, 53.99999999999862, 1.837681793402102], 'log_cov': [[35021.606008216826, -2.63963310295668, 80.52765764212617, -72.48666455199721], [-2.6396331029566804, 0.00023232231465342707, -0.006216661365478978, 0.008035518774861255], [80.52765764212617, -0.006216661365478977, 0.18663253608435126, -0.16110847107060264], [-72.48666455199721, 0.008035518774861253, -0.16110847107060264, 2.734265337069791]], 'exp_terms': [106.85824426130861, 0.3253663494125917, 45.81193141848693], 'exp_cov': [[8.644210393393045e+16, -1553698.6373159098, 2871756294885782.5], [-1553698.6373159096, 8.057378281591161e-05, -51616.55669299185], [2871756294885782.5, -51616.55669299186, 95404714160121.19]]}, 'Azerbaijan': {'name': 'Azerbaijan', 'size': 30, 'lat': 40.1431, 'lon': 47.5769, 'confirmed': [0, 0, 0, 0, 0, 0, 0, 0, 0, 0, 0, 0, 0, 0, 0, 0, 0, 0, 0, 0, 0, 0, 0, 0, 0, 0, 0, 0, 0, 0, 0, 0, 0, 0, 0, 0, 0, 0, 0, 3, 3, 3, 3, 6, 6, 9, 9, 9, 11, 11, 11, 15, 15, 23, 15], 'old': 0, 'growth': [0.0, 0.0, 0.0, 0.0, 0.0, 0.0, 0.0, 0.0, 0.0, 0.0, 0.0, 0.0, 0.0, 0.0, 0.0, 0.0, 0.0, 0.0, 0.0, 0.0, 0.0, 0.0, 0.0, 0.0, 0.0, 0.0, 0.0, 0.0, 0.0, 0.0, 0.0, 0.0, 0.0, 0.0, 0.0, 0.0, 0.0, 0.0, 0.0, 0.0, 0.0, 0.0, 0.0, 0.0, 0.0, 0.0, 0.0, 0.0, 0.0, 0.0, 0.0, 0.0, -1.0], 'ages': [], 'recovered': [0, 0, 0, 0, 0, 0, 0, 0, 0, 0, 0, 0, 0, 0, 0, 0, 0, 0, 0, 0, 0, 0, 0, 0, 0, 0, 0, 0, 0, 0, 0, 0, 0, 0, 0, 0, 0, 0, 0, 0, 0, 0, 0, 0, 0, 0, 0, 0, 0, 3, 3, 3, 3, 6, 6], 'deaths': [0, 0, 0, 0, 0, 0, 0, 0, 0, 0, 0, 0, 0, 0, 0, 0, 0, 0, 0, 0, 0, 0, 0, 0, 0, 0, 0, 0, 0, 0, 0, 0, 0, 0, 0, 0, 0, 0, 0, 0, 0, 0, 0, 0, 0, 0, 0, 0, 0, 0, 0, 1, 1, 1, 1], 'ages_died': [], 'log_terms': [23.000000000381498, 0.24522390502252775, 48.515736274996215, 9.203560697857817e-12], 'log_cov': [[11.852619840846527, -0.11830256912692119, 4.759101830088522, -0.250500637024682], [-0.11830256912692122, 0.0014786404004571306, -0.04762767086183428, 0.0034562050911007033], [4.759101830088522, -0.047627670861834275, 2.013284646882253, -0.0661974504908467], [-0.250500637024682, 0.0034562050911007033, -0.0661974504908467, 0.044903984542682095]], 'exp_terms': [73.49387749324084, 0.14215597303789496, 63.57705752194929], 'exp_cov': [[3.728927483859545e+17, 488752.3650836863, 3.8172451172833544e+16], [488752.36508368637, 0.00010279862317927301, 50032.81143269629], [3.8172451172833544e+16, 50032.81143269628, 3907654506153562.0]]}, 'Bahrain': {'name': 'Bahrain', 'size': 50, 'lat': 26.0275, 'lon': 50.55, 'confirmed': [0, 0, 0, 0, 0, 0, 0, 0, 0, 0, 0, 0, 0, 0, 0, 0, 0, 0, 0, 0, 0, 0, 0, 0, 0, 0, 0, 0, 0, 0, 0, 0, 0, 1, 23, 33, 33, 36, 41, 47, 49, 49, 52, 55, 60, 85, 85, 95, 110, 195, 195, 189, 210, 214, 214], 'old': 0, 'growth': [0.0, 0.0, 0.0, 0.0, 0.0, 0.0, 0.0, 0.0, 0.0, 0.0, 0.0, 0.0, 0.0, 0.0, 0.0, 0.0, 0.0, 0.0, 0.0, 0.0, 0.0, 0.0, 0.0, 0.0, 0.0, 0.0, 0.0, 0.0, 0.0, 0.0, 0.0, 0.0, 22.0, 0.45454545454545453, 0.0, 0.0, 1.6666666666666667, 1.2, 0.3333333333333333, 0.0, 0.0, 1.0, 1.6666666666666667, 5.0, 0.0, 0.0, 1.5, 5.666666666666667, 0.0, 0.0, -3.5, 0.19047619047619047, 0.0], 'ages': [], 'recovered': [0, 0, 0, 0, 0, 0, 0, 0, 0, 0, 0, 0, 0, 0, 0, 0, 0, 0, 0, 0, 0, 0, 0, 0, 0, 0, 0, 0, 0, 0, 0, 0, 0, 0, 0, 0, 0, 0, 0, 0, 0, 0, 0, 0, 4, 4, 4, 14, 22, 35, 35, 44, 44, 60, 77], 'deaths': [0, 0, 0, 0, 0, 0, 0, 0, 0, 0, 0, 0, 0, 0, 0, 0, 0, 0, 0, 0, 0, 0, 0, 0, 0, 0, 0, 0, 0, 0, 0, 0, 0, 0, 0, 0, 0, 0, 0, 0, 0, 0, 0, 0, 0, 0, 0, 0, 0, 0, 0, 0, 0, 0, 1], 'ages_died': [], 'log_terms': [336.3680862594266, 0.20170615170761047, 50.01542461563752, 1.6638977688271996e-14], 'log_cov': [[3292.2376985138626, -1.359011928778132, 101.71604958843639, -48.88539083284072], [-1.359011928778132, 0.0006722797030906118, -0.042434087564272464, 0.028277055011566198], [101.71604958843639, -0.042434087564272464, 3.209539227892101, -1.259107632635554], [-48.88539083284072, 0.028277055011566198, -1.259107632635554, 4.916206960996406]], 'exp_terms': [107.13946371148471, 0.13017177066495822, 46.9686523510042], 'exp_cov': [[4.478550493197674e+17, 914205.7342261798, 3.415972575505094e+16], [914205.73422618, 4.9545293336101876e-05, 69730.19002716482], [3.4159725755050948e+16, 69730.19002716482, 2605501189352755.5]]}, 'Bangladesh': {'name': 'Bangladesh', 'size': 20, 'lat': 23.685, 'lon': 90.3563, 'confirmed': [0, 0, 0, 0, 0, 0, 0, 0, 0, 0, 0, 0, 0, 0, 0, 0, 0, 0, 0, 0, 0, 0, 0, 0, 0, 0, 0, 0, 0, 0, 0, 0, 0, 0, 0, 0, 0, 0, 0, 0, 0, 0, 0, 0, 0, 0, 3, 3, 3, 3, 3, 3, 3, 5, 8], 'old': 0, 'growth': [0.0, 0.0, 0.0, 0.0, 0.0, 0.0, 0.0, 0.0, 0.0, 0.0, 0.0, 0.0, 0.0, 0.0, 0.0, 0.0, 0.0, 0.0, 0.0, 0.0, 0.0, 0.0, 0.0, 0.0, 0.0, 0.0, 0.0, 0.0, 0.0, 0.0, 0.0, 0.0, 0.0, 0.0, 0.0, 0.0, 0.0, 0.0, 0.0, 0.0, 0.0, 0.0, 0.0, 0.0, 0.0, 0.0, 0.0, 0.0, 0.0, 0.0, 0.0, 0.0, 1.5], 'ages': [], 'recovered': [0, 0, 0, 0, 0, 0, 0, 0, 0, 0, 0, 0, 0, 0, 0, 0, 0, 0, 0, 0, 0, 0, 0, 0, 0, 0, 0, 0, 0, 0, 0, 0, 0, 0, 0, 0, 0, 0, 0, 0, 0, 0, 0, 0, 0, 0, 0, 0, 0, 0, 0, 0, 0, 0, 2], 'deaths': [0, 0, 0, 0, 0, 0, 0, 0, 0, 0, 0, 0, 0, 0, 0, 0, 0, 0, 0, 0, 0, 0, 0, 0, 0, 0, 0, 0, 0, 0, 0, 0, 0, 0, 0, 0, 0, 0, 0, 0, 0, 0, 0, 0, 0, 0, 0, 0, 0, 0, 0, 0, 0, 0, 0], 'ages_died': [], 'log_terms': [12.895344498182196, 0.27830378983591725, 53.99999999999999, 1.1001433223370206e-13], 'log_cov': [[74.26533752534357, -0.6239781967363284, 38.168476765806034, -0.22880455380819545], [-0.6239781967363284, 0.006117471508587378, -0.3282825235553721, 0.002801920339984957], [38.168476765806034, -0.3282825235553721, 19.768182763959015, -0.11447532334968483], [-0.22880455380819545, 0.0028019203399849567, -0.11447532334968483, 0.008227981844882232]], 'exp_terms': [71.87609145809772, 0.2425202248525803, 64.74182652975531], 'exp_cov': [[1.4966553311401224e+18, -25931419.570775557, 9.589457772947526e+16], [-25931419.570775557, 0.0010201531271389378, -1661493.1425858748], [9.589457772947526e+16, -1661493.1425858748, 6144213598537226.0]]}, 'Belarus': {'name': 'Belarus', 'size': 30, 'lat': 53.7098, 'lon': 27.9534, 'confirmed': [0, 0, 0, 0, 0, 0, 0, 0, 0, 0, 0, 0, 0, 0, 0, 0, 0, 0, 0, 0, 0, 0, 0, 0, 0, 0, 0, 0, 0, 0, 0, 0, 0, 0, 0, 0, 0, 1, 1, 1, 1, 1, 6, 6, 6, 6, 6, 6, 9, 9, 12, 27, 27, 27, 36], 'old': 0, 'growth': [0.0, 0.0, 0.0, 0.0, 0.0, 0.0, 0.0, 0.0, 0.0, 0.0, 0.0, 0.0, 0.0, 0.0, 0.0, 0.0, 0.0, 0.0, 0.0, 0.0, 0.0, 0.0, 0.0, 0.0, 0.0, 0.0, 0.0, 0.0, 0.0, 0.0, 0.0, 0.0, 0.0, 0.0, 0.0, 0.0, 0.0, 0.0, 0.0, 0.0, 0.0, 0.0, 0.0, 0.0, 0.0, 0.0, 0.0, 0.0, 0.0, 5.0, 0.0, 0.0, 0.0], 'ages': [], 'recovered': [0, 0, 0, 0, 0, 0, 0, 0, 0, 0, 0, 0, 0, 0, 0, 0, 0, 0, 0, 0, 0, 0, 0, 0, 0, 0, 0, 0, 0, 0, 0, 0, 0, 0, 0, 0, 0, 0, 0, 0, 0, 0, 0, 0, 0, 0, 0, 1, 3, 3, 3, 3, 3, 3, 3], 'deaths': [0, 0, 0, 0, 0, 0, 0, 0, 0, 0, 0, 0, 0, 0, 0, 0, 0, 0, 0, 0, 0, 0, 0, 0, 0, 0, 0, 0, 0, 0, 0, 0, 0, 0, 0, 0, 0, 0, 0, 0, 0, 0, 0, 0, 0, 0, 0, 0, 0, 0, 0, 0, 0, 0, 0], 'ages_died': [], 'log_terms': [70.06539880135911, 0.29757754991557206, 53.99999999999991, 0.12446712928290533], 'log_cov': [[695.1318515730918, -1.1517220111969793, 61.60634564383116, -1.9714918179029481], [-1.1517220111969793, 0.0022276837053631896, -0.10451080120925291, 0.004774435373975128], [61.60634564383116, -0.10451080120925292, 5.5024147324694415, -0.16987664381911913], [-1.9714918179029481, 0.004774435373975129, -0.16987664381911913, 0.0715301581193106]], 'exp_terms': [85.53436278345522, 0.23713541964031074, 57.98119209671593], 'exp_cov': [[8.66946188956656e+17, -2302395.2065735757, 4.763025094965575e+16], [-2302395.2065735753, 0.00019087880497952825, -126494.20049431054], [4.763025094965575e+16, -126494.20049431056, 2616818476654733.0]]}, 'Belgium': {'name': 'Belgium', 'size': 60, 'lat': 50.8333, 'lon': 4.0, 'confirmed': [0, 0, 0, 0, 0, 0, 0, 0, 0, 0, 0, 0, 0, 1, 1, 1, 1, 1, 1, 1, 1, 1, 1, 1, 1, 1, 1, 1, 1, 1, 1, 1, 1, 1, 1, 1, 1, 1, 1, 2, 8, 13, 23, 50, 109, 169, 200, 239, 267, 314, 314, 559, 689, 886, 1058], 'old': 0, 'growth': [0.0, 0.0, 0.0, 0.0, 0.0, 0.0, 0.0, 0.0, 0.0, 0.0, 0.0, 0.0, 0.0, 0.0, 0.0, 0.0, 0.0, 0.0, 0.0, 0.0, 0.0, 0.0, 0.0, 0.0, 0.0, 0.0, 0.0, 0.0, 0.0, 0.0, 0.0, 0.0, 0.0, 0.0, 0.0, 0.0, 0.0, 0.0, 6.0, 0.8333333333333334, 2.0, 2.7, 2.185185185185185, 1.0169491525423728, 0.5166666666666667, 1.2580645161290323, 0.717948717948718, 1.6785714285714286, 0.0, 0.0, 0.5306122448979592, 1.5153846153846153, 0.8730964467005076], 'ages': [], 'recovered': [0, 0, 0, 0, 0, 0, 0, 0, 0, 0, 0, 0, 0, 0, 0, 0, 0, 0, 0, 0, 0, 0, 0, 0, 0, 0, 1, 1, 1, 1, 1, 1, 1, 1, 1, 1, 1, 1, 1, 1, 1, 1, 1, 1, 1, 1, 1, 1, 1, 1, 1, 1, 1, 1, 1], 'deaths': [0, 0, 0, 0, 0, 0, 0, 0, 0, 0, 0, 0, 0, 0, 0, 0, 0, 0, 0, 0, 0, 0, 0, 0, 0, 0, 0, 0, 0, 0, 0, 0, 0, 0, 0, 0, 0, 0, 0, 0, 0, 0, 0, 0, 0, 0, 0, 0, 0, 3, 3, 3, 4, 4, 5], 'ages_died': [], 'log_terms': [2066.4653867548345, 0.3303034093928189, 53.99999999999999, 1.0661597068282629], 'log_cov': [[167013.02117953877, -10.462022471812308, 453.4955482529403, -418.6783774785094], [-10.46202247181231, 0.0007653987377269432, -0.029093467630161445, 0.03846340163409668], [453.4955482529403, -0.029093467630161445, 1.2410746927186478, -1.1030188225368365], [-418.6783774785094, 0.03846340163409668, -1.1030188225368365, 15.410018972605634]], 'exp_terms': [109.1972008303182, 0.27346345846748293, 44.49793413263098], 'exp_cov': [[1.0566336985545411e+17, -1423092.6452144594, 4002799971749941.0], [-1423092.6452144594, 7.934100575115281e-05, -53910.40475825325], [4002799971749941.0, -53910.40475825325, 151636348866780.8]]}, 'Benin': {'name': 'Benin', 'size': 0, 'lat': 9.3077, 'lon': 2.3158, 'confirmed': [0, 0, 0, 0, 0, 0, 0, 0, 0, 0, 0, 0, 0, 0, 0, 0, 0, 0, 0, 0, 0, 0, 0, 0, 0, 0, 0, 0, 0, 0, 0, 0, 0, 0, 0, 0, 0, 0, 0, 0, 0, 0, 0, 0, 0, 0, 0, 0, 0, 0, 0, 0, 0, 0, 1], 'old': 0, 'growth': [0.0, 0.0, 0.0, 0.0, 0.0, 0.0, 0.0, 0.0, 0.0, 0.0, 0.0, 0.0, 0.0, 0.0, 0.0, 0.0, 0.0, 0.0, 0.0, 0.0, 0.0, 0.0, 0.0, 0.0, 0.0, 0.0, 0.0, 0.0, 0.0, 0.0, 0.0, 0.0, 0.0, 0.0, 0.0, 0.0, 0.0, 0.0, 0.0, 0.0, 0.0, 0.0, 0.0, 0.0, 0.0, 0.0, 0.0, 0.0, 0.0, 0.0, 0.0, 0.0, 0.0], 'ages': [], 'recovered': [0, 0, 0, 0, 0, 0, 0, 0, 0, 0, 0, 0, 0, 0, 0, 0, 0, 0, 0, 0, 0, 0, 0, 0, 0, 0, 0, 0, 0, 0, 0, 0, 0, 0, 0, 0, 0, 0, 0, 0, 0, 0, 0, 0, 0, 0, 0, 0, 0, 0, 0, 0, 0, 0, 0], 'deaths': [0, 0, 0, 0, 0, 0, 0, 0, 0, 0, 0, 0, 0, 0, 0, 0, 0, 0, 0, 0, 0, 0, 0, 0, 0, 0, 0, 0, 0, 0, 0, 0, 0, 0, 0, 0, 0, 0, 0, 0, 0, 0, 0, 0, 0, 0, 0, 0, 0, 0, 0, 0, 0, 0, 0], 'ages_died': [], 'log_terms': [1.9999999835122242, 9.99999999999229, 53.99999999999999, 3.525132472303852e-18], 'log_cov': [[38786834.727934726, -19392708.05640316, 3878683.504494168, -0.0015082876176479834], [-19392708.056403164, 9695999.40737037, -1939270.8214900775, 0.0007541498155899014], [3878683.504494168, -1939270.8214900775, 387868.3536194863, -0.00015082876238754913], [-0.0015082876176479834, 0.0007541498155899014, -0.0001508287623875491, 3.108557495562734e-12]], 'exp_terms': [79.92359336148293, 0.9999999999999999, 60.73558705337707], 'exp_cov': [[0.000492805422853437, 0.005308524651825031, -0.027300826935334532], [0.005308524651825031, 0.05769230133451783, -0.29408587259912167], [-0.027300826935334532, -0.29408587259912167, 1.512432933544959]]}, 'Bhutan': {'name': 'Bhutan', 'size': 0, 'lat': 27.5142, 'lon': 90.4336, 'confirmed': [0, 0, 0, 0, 0, 0, 0, 0, 0, 0, 0, 0, 0, 0, 0, 0, 0, 0, 0, 0, 0, 0, 0, 0, 0, 0, 0, 0, 0, 0, 0, 0, 0, 0, 0, 0, 0, 0, 0, 0, 0, 0, 0, 0, 1, 1, 1, 1, 1, 1, 1, 1, 1, 1, 1], 'old': 0, 'growth': [0.0, 0.0, 0.0, 0.0, 0.0, 0.0, 0.0, 0.0, 0.0, 0.0, 0.0, 0.0, 0.0, 0.0, 0.0, 0.0, 0.0, 0.0, 0.0, 0.0, 0.0, 0.0, 0.0, 0.0, 0.0, 0.0, 0.0, 0.0, 0.0, 0.0, 0.0, 0.0, 0.0, 0.0, 0.0, 0.0, 0.0, 0.0, 0.0, 0.0, 0.0, 0.0, 0.0, 0.0, 0.0, 0.0, 0.0, 0.0, 0.0, 0.0, 0.0, 0.0, 0.0], 'ages': [], 'recovered': [0, 0, 0, 0, 0, 0, 0, 0, 0, 0, 0, 0, 0, 0, 0, 0, 0, 0, 0, 0, 0, 0, 0, 0, 0, 0, 0, 0, 0, 0, 0, 0, 0, 0, 0, 0, 0, 0, 0, 0, 0, 0, 0, 0, 0, 0, 0, 0, 0, 0, 0, 0, 0, 0, 0], 'deaths': [0, 0, 0, 0, 0, 0, 0, 0, 0, 0, 0, 0, 0, 0, 0, 0, 0, 0, 0, 0, 0, 0, 0, 0, 0, 0, 0, 0, 0, 0, 0, 0, 0, 0, 0, 0, 0, 0, 0, 0, 0, 0, 0, 0, 0, 0, 0, 0, 0, 0, 0, 0, 0, 0, 0], 'ages_died': [], 'log_terms': [1.0006156318521953, 9.999999999999998, 43.50237993687063, 4.8157977306699475e-15], 'log_cov': [[2.0669778800505548e-07, -3.0215019288582092e-05, 9.383601225204084e-07, -3.899935934585172e-08], [-3.0215019288582092e-05, 0.08029507477946513, 2.617692621772812e-05, 5.924326235821195e-06], [9.383601225204084e-07, 2.617692621772812e-05, 0.0002010244163800165, 2.986994478211616e-07], [-3.899935934585172e-08, 5.924326235821194e-06, 2.9869944782116154e-07, 3.899900489020103e-08]], 'exp_terms': [45.85601081548909, 0.12135776970519235, 84.74553970629111], 'exp_cov': [[3.7840743525379616e+17, -745040.1303031356, 7.2045243486135656e+16], [-745040.1303031356, 0.00029013505000797445, -141848.76417653818], [7.2045243486135656e+16, -141848.76417653818, 1.371674186448087e+16]]}, 'Bolivia': {'name': 'Bolivia', 'size': 20, 'lat': -16.2902, 'lon': -63.5887, 'confirmed': [0, 0, 0, 0, 0, 0, 0, 0, 0, 0, 0, 0, 0, 0, 0, 0, 0, 0, 0, 0, 0, 0, 0, 0, 0, 0, 0, 0, 0, 0, 0, 0, 0, 0, 0, 0, 0, 0, 0, 0, 0, 0, 0, 0, 0, 0, 0, 0, 0, 2, 2, 3, 10, 10, 11], 'old': 0, 'growth': [0.0, 0.0, 0.0, 0.0, 0.0, 0.0, 0.0, 0.0, 0.0, 0.0, 0.0, 0.0, 0.0, 0.0, 0.0, 0.0, 0.0, 0.0, 0.0, 0.0, 0.0, 0.0, 0.0, 0.0, 0.0, 0.0, 0.0, 0.0, 0.0, 0.0, 0.0, 0.0, 0.0, 0.0, 0.0, 0.0, 0.0, 0.0, 0.0, 0.0, 0.0, 0.0, 0.0, 0.0, 0.0, 0.0, 0.0, 0.0, 0.0, 0.0, 7.0, 0.0, 0.0], 'ages': [], 'recovered': [0, 0, 0, 0, 0, 0, 0, 0, 0, 0, 0, 0, 0, 0, 0, 0, 0, 0, 0, 0, 0, 0, 0, 0, 0, 0, 0, 0, 0, 0, 0, 0, 0, 0, 0, 0, 0, 0, 0, 0, 0, 0, 0, 0, 0, 0, 0, 0, 0, 0, 0, 0, 0, 0, 0], 'deaths': [0, 0, 0, 0, 0, 0, 0, 0, 0, 0, 0, 0, 0, 0, 0, 0, 0, 0, 0, 0, 0, 0, 0, 0, 0, 0, 0, 0, 0, 0, 0, 0, 0, 0, 0, 0, 0, 0, 0, 0, 0, 0, 0, 0, 0, 0, 0, 0, 0, 0, 0, 0, 0, 0, 0], 'ages_died': [], 'log_terms': [11.000000000000002, 2.115972521179437, 51.28861352030174, 0.048645902559754484], 'log_cov': [[0.1064133770380836, -0.04869400681925883, 0.013494684732461305, -0.003555128454249245], [-0.048694006819258846, 0.0749602134972232, -0.0070333844535625314, 0.0014945719304585584], [0.013494684732461307, -0.0070333844535625314, 0.005413826048495496, 0.00028774392428005676], [-0.003555128454249245, 0.0014945719304585584, 0.00028774392428005676, 0.002958438207417795]], 'exp_terms': [83.12540566851958, 0.43513287406366874, 59.205894544569944], 'exp_cov': [[1.6827390295211018e+18, 10926848.673363518, 5.603588802990612e+16], [10926848.67336352, 0.0018473607266893482, 363868.44459043915], [5.603588802990612e+16, 363868.44459043915, 1866017660619548.8]]}, 'Bosnia and Herzegovina': {'name': 'Bosnia and Herzegovina', 'size': 30, 'lat': 43.9159, 'lon': 17.6791, 'confirmed': [0, 0, 0, 0, 0, 0, 0, 0, 0, 0, 0, 0, 0, 0, 0, 0, 0, 0, 0, 0, 0, 0, 0, 0, 0, 0, 0, 0, 0, 0, 0, 0, 0, 0, 0, 0, 0, 0, 0, 0, 0, 0, 0, 2, 2, 3, 3, 3, 5, 7, 11, 13, 18, 24, 25], 'old': 0, 'growth': [0.0, 0.0, 0.0, 0.0, 0.0, 0.0, 0.0, 0.0, 0.0, 0.0, 0.0, 0.0, 0.0, 0.0, 0.0, 0.0, 0.0, 0.0, 0.0, 0.0, 0.0, 0.0, 0.0, 0.0, 0.0, 0.0, 0.0, 0.0, 0.0, 0.0, 0.0, 0.0, 0.0, 0.0, 0.0, 0.0, 0.0, 0.0, 0.0, 0.0, 0.0, 0.0, 0.0, 0.0, 0.0, 0.0, 0.0, 1.0, 2.0, 0.5, 2.5, 1.2, 0.16666666666666666], 'ages': [], 'recovered': [0, 0, 0, 0, 0, 0, 0, 0, 0, 0, 0, 0, 0, 0, 0, 0, 0, 0, 0, 0, 0, 0, 0, 0, 0, 0, 0, 0, 0, 0, 0, 0, 0, 0, 0, 0, 0, 0, 0, 0, 0, 0, 0, 0, 0, 0, 0, 0, 0, 0, 0, 0, 0, 0, 0], 'deaths': [0, 0, 0, 0, 0, 0, 0, 0, 0, 0, 0, 0, 0, 0, 0, 0, 0, 0, 0, 0, 0, 0, 0, 0, 0, 0, 0, 0, 0, 0, 0, 0, 0, 0, 0, 0, 0, 0, 0, 0, 0, 0, 0, 0, 0, 0, 0, 0, 0, 0, 0, 0, 0, 0, 0], 'ages_died': [], 'log_terms': [39.86674062402978, 0.4160938763741581, 52.47550237029911, 0.020367899721282917], 'log_cov': [[13.149859669655521, -0.08586124903089302, 1.6719032893508614, -0.061420005260616785], [-0.08586124903089302, 0.000676767666560639, -0.011140596314894235, 0.000585395316436839], [1.6719032893508614, -0.011140596314894235, 0.21614457866240064, -0.006570903705359703], [-0.061420005260616785, 0.000585395316436839, -0.006570903705359703, 0.005519022034520124]], 'exp_terms': [84.80873594021269, 0.29419211884538155, 58.34473147107449], 'exp_cov': [[5.482567016128456e+17, 5501931.023850709, 2.5067702833112364e+16], [5501931.023850709, 0.00017290286385439305, 251562.3983839064], [2.5067702833112364e+16, 251562.39838390637, 1146159679363063.0]]}, 'Brazil': {'name': 'Brazil', 'size': 50, 'lat': -14.235, 'lon': -51.9253, 'confirmed': [0, 0, 0, 0, 0, 0, 0, 0, 0, 0, 0, 0, 0, 0, 0, 0, 0, 0, 0, 0, 0, 0, 0, 0, 0, 0, 0, 0, 0, 0, 0, 0, 0, 0, 0, 1, 1, 1, 2, 2, 2, 2, 4, 4, 13, 13, 20, 25, 31, 38, 52, 151, 151, 162, 200], 'old': 0, 'growth': [0.0, 0.0, 0.0, 0.0, 0.0, 0.0, 0.0, 0.0, 0.0, 0.0, 0.0, 0.0, 0.0, 0.0, 0.0, 0.0, 0.0, 0.0, 0.0, 0.0, 0.0, 0.0, 0.0, 0.0, 0.0, 0.0, 0.0, 0.0, 0.0, 0.0, 0.0, 0.0, 0.0, 0.0, 0.0, 0.0, 0.0, 0.0, 0.0, 0.0, 0.0, 0.0, 0.0, 0.0, 0.0, 0.7142857142857143, 1.2, 1.1666666666666667, 2.0, 7.071428571428571, 0.0, 0.0, 3.4545454545454546], 'ages': [], 'recovered': [0, 0, 0, 0, 0, 0, 0, 0, 0, 0, 0, 0, 0, 0, 0, 0, 0, 0, 0, 0, 0, 0, 0, 0, 0, 0, 0, 0, 0, 0, 0, 0, 0, 0, 0, 0, 0, 0, 0, 0, 0, 0, 0, 0, 0, 0, 0, 0, 0, 0, 0, 0, 0, 0, 1], 'deaths': [0, 0, 0, 0, 0, 0, 0, 0, 0, 0, 0, 0, 0, 0, 0, 0, 0, 0, 0, 0, 0, 0, 0, 0, 0, 0, 0, 0, 0, 0, 0, 0, 0, 0, 0, 0, 0, 0, 0, 0, 0, 0, 0, 0, 0, 0, 0, 0, 0, 0, 0, 0, 0, 0, 0], 'ages_died': [], 'log_terms': [210.15913685120597, 0.7245604570191154, 50.71240447876696, 1.114291878377205], 'log_cov': [[175.19973409440595, -0.9155755948370898, 3.0315506580529523, -2.945213501362201], [-0.9155755948370898, 0.007225384331533125, -0.01584653584757666, 0.019397338329324557], [3.0315506580529523, -0.01584653584757666, 0.06454740520350577, -0.007507776202508072], [-2.945213501362201, 0.019397338329324557, -0.007507776202508077, 1.217152174308723]], 'exp_terms': [99.57222374795958, 0.3094012878224126, 51.10479814573396], 'exp_cov': [[8.134915401773044e+17, 12727687.871115748, 3.0307025854279948e+16], [12727687.87111575, 0.0006367734244911678, 474176.24871624884], [3.0307025854279948e+16, 474176.2487162487, 1129103095444358.2]]}, 'Brunei': {'name': 'Brunei', 'size': 40, 'lat': 4.5353, 'lon': 114.7277, 'confirmed': [0, 0, 0, 0, 0, 0, 0, 0, 0, 0, 0, 0, 0, 0, 0, 0, 0, 0, 0, 0, 0, 0, 0, 0, 0, 0, 0, 0, 0, 0, 0, 0, 0, 0, 0, 0, 0, 0, 0, 0, 0, 0, 0, 0, 0, 0, 0, 1, 1, 11, 11, 37, 40, 50, 54], 'old': 0, 'growth': [0.0, 0.0, 0.0, 0.0, 0.0, 0.0, 0.0, 0.0, 0.0, 0.0, 0.0, 0.0, 0.0, 0.0, 0.0, 0.0, 0.0, 0.0, 0.0, 0.0, 0.0, 0.0, 0.0, 0.0, 0.0, 0.0, 0.0, 0.0, 0.0, 0.0, 0.0, 0.0, 0.0, 0.0, 0.0, 0.0, 0.0, 0.0, 0.0, 0.0, 0.0, 0.0, 0.0, 0.0, 0.0, 0.0, 0.0, 0.0, 0.0, 0.0, 0.11538461538461539, 3.3333333333333335, 0.4], 'ages': [], 'recovered': [0, 0, 0, 0, 0, 0, 0, 0, 0, 0, 0, 0, 0, 0, 0, 0, 0, 0, 0, 0, 0, 0, 0, 0, 0, 0, 0, 0, 0, 0, 0, 0, 0, 0, 0, 0, 0, 0, 0, 0, 0, 0, 0, 0, 0, 0, 0, 0, 0, 0, 0, 0, 0, 0, 0], 'deaths': [0, 0, 0, 0, 0, 0, 0, 0, 0, 0, 0, 0, 0, 0, 0, 0, 0, 0, 0, 0, 0, 0, 0, 0, 0, 0, 0, 0, 0, 0, 0, 0, 0, 0, 0, 0, 0, 0, 0, 0, 0, 0, 0, 0, 0, 0, 0, 0, 0, 0, 0, 0, 0, 0, 0], 'ages_died': [], 'log_terms': [54.14700887609995, 1.1159861349594569, 50.71964513180376, 1.8969012644304432e-11], 'log_cov': [[2.359000213479091, -0.09820148648429158, 0.107922683948805, -0.06360093066121068], [-0.0982014864842916, 0.008447319900373692, -0.004474555903262575, 0.0029184954206111073], [0.10792268394880501, -0.004474555903262575, 0.008905344687917274, 0.0009438421667074729], [-0.06360093066121068, 0.0029184954206111073, 0.0009438421667074735, 0.041052537779048735]], 'exp_terms': [90.64961702812748, 0.37806412322977256, 55.18368450025218], 'exp_cov': [[4.2753540110574244e+18, 14014727.293005979, 1.47073588238981e+17], [14014727.293005979, 0.0010115082551782947, 482111.2367291031], [1.47073588238981e+17, 482111.2367291031, 5059379948782162.0]]}, 'Bulgaria': {'name': 'Bulgaria', 'size': 30, 'lat': 42.7339, 'lon': 25.4858, 'confirmed': [0, 0, 0, 0, 0, 0, 0, 0, 0, 0, 0, 0, 0, 0, 0, 0, 0, 0, 0, 0, 0, 0, 0, 0, 0, 0, 0, 0, 0, 0, 0, 0, 0, 0, 0, 0, 0, 