<html>
  <head>
    <meta charset="utf-8">
    <meta name="viewport" content="initial-scale=1, maximum-scale=1, user-scalable=no">
    <link rel="icon" type="image/png" href="https://upload.wikimedia.org/wikipedia/commons/thumb/6/68/Ambulance_font_awesome.svg/200px-Ambulance_font_awesome.svg.png">
    <title>COVID-19 Dashboard</title>
    <style>
      html, body {
        padding: 0;
        margin: 0;
        height: 100%;
        width: 100%;
        font-family: "Lato", sans-serif;
        color: #EEEEEE;
        overflow: hidden;
      }
      #viewDiv {
        margin:0;
        padding:0;
        width:100%;
        height:100%;
      }
      .plot-container {
        top: 0;
        left: 0;
        z-index:98;
        background-color: #393e46;
        overflow: hidden;
        position: absolute;
        height: 100%;
      }
      .popup {
        top: 0;
        left: 0;
        z-index:50;
        background-color: #393e46;
        overflow: hidden;
        position: absolute;
        transition: 0.5s;
        opacity: 0.8;
        border-radius: 5px;
        border: 1px solid black;
      }
      .tools-btn {
        font-size: 18px;
        cursor: pointer;
        z-index: 99;
        position: absolute;
        right: 2%;
        top: 2%;
        color: #EEEEEE;
      }
      
      .tools-btn:hover {
        color: #4ecca3;
      }
      
      .tools-btn:active {
        color: #4d6dcb;
      }

      .plt-ctn {
        margin: 0;
        position: absolute;
        width:100%;
        height:65%;
        padding: 1px;
        top: 0;
      }

      .disable {
        top: 0;
        left: 0;
        z-index:80;
        opacity: 0.2;
        background-color: #393e46;
        overflow: hidden;
        position: absolute;
      }

      .control {
        overflow: hidden;
        position: absolute;
      }

      .warning {
        position: absolute;
        overflow: hidden;
        z-index: 99;
        top: 0;
        left: 0;
        opacity: 0.5;
        background-color: #FF0000;
        transition: 0.5s;
        width: 100%;
        height: 0;
      }

      #sliderDiv {
        position: absolute;
        z-index: 1;
        bottom: 0;
        border: 1px solid black;
        background-color: #FEFEFE;
        height: 50px;
        width: 100%;
      }

      table, td, tr, th {
        border: 1px solid #EEEEEE;
        border-collapse: collapse;
        padding 1px;
        font-size: 12px;
      }

      .tab {
        overflow: hidden;
        background-color: inherit;
        padding: 5px;
      }

      .tab button {
        background-color: inherit;
        color: #eeeeee;
        float: left;
        border: 1px solid #eeeeee;
        outline: none;
        cursor: pointer;
        padding: 14px 16px;
        transition: 0.3s;
      }

      .tab button:hover {
        background-color: #444444;
      }
      
      .tab button.active {
        background-color: #333333;
      }

      .equation {
        font-size: 11px;
      }
    </style>
    <link rel="stylesheet" href="https://cdnjs.cloudflare.com/ajax/libs/font-awesome/4.7.0/css/font-awesome.min.css">
    <link rel="stylesheet" href="https://js.arcgis.com/4.14/esri/themes/light/main.css">
    <script src="https://cdn.plot.ly/plotly-latest.min.js"></script>
    <script src="https://js.arcgis.com/4.14/"></script>
    <script type="text/javascript" async
      src="https://cdnjs.cloudflare.com/ajax/libs/mathjax/2.7.7/MathJax.js?config=TeX-MML-AM_CHTML">
    </script>
    <script>
      var selected_data = null;
      var LOG_SCALE = false;
      var ENABLE_EXP = false;
      var ENABLE_LOG = false;
      var SLIDER_POS = 58;
      var PLOT_TYPE = "TRACE";
      var all_data = {'Afghanistan': {'name': 'Afghanistan', 'size': 30, 'lat': 33.0, 'lon': 65.0, 'confirmed': [0, 0, 0, 0, 0, 0, 0, 0, 0, 0, 0, 0, 0, 0, 0, 0, 0, 0, 0, 0, 0, 0, 0, 0, 0, 0, 0, 0, 0, 0, 0, 0, 0, 1, 1, 1, 1, 1, 1, 1, 1, 1, 1, 1, 1, 1, 4, 4, 5, 7, 7, 7, 11, 16, 21, 22, 22, 22, 24], 'old': 0, 'growth': [0.0, 0.0, 0.0, 0.0, 0.0, 0.0, 0.0, 0.0, 0.0, 0.0, 0.0, 0.0, 0.0, 0.0, 0.0, 0.0, 0.0, 0.0, 0.0, 0.0, 0.0, 0.0, 0.0, 0.0, 0.0, 0.0, 0.0, 0.0, 0.0, 0.0, 0.0, 0.0, 0.0, 0.0, 0.0, 0.0, 0.0, 0.0, 0.0, 0.0, 0.0, 0.0, 0.0, 0.0, 0.0, 0.0, 0.0, 2.0, 0.0, 0.0, 0.0, 1.25, 1.0, 0.2, 0.0, 0.0, 0.0], 'ages': [35.0], 'recovered': [0, 0, 0, 0, 0, 0, 0, 0, 0, 0, 0, 0, 0, 0, 0, 0, 0, 0, 0, 0, 0, 0, 0, 0, 0, 0, 0, 0, 0, 0, 0, 0, 0, 0, 0, 0, 0, 0, 0, 0, 0, 0, 0, 0, 0, 0, 0, 0, 0, 0, 0, 0, 0, 0, 1, 1, 1, 1, 1], 'deaths': [0, 0, 0, 0, 0, 0, 0, 0, 0, 0, 0, 0, 0, 0, 0, 0, 0, 0, 0, 0, 0, 0, 0, 0, 0, 0, 0, 0, 0, 0, 0, 0, 0, 0, 0, 0, 0, 0, 0, 0, 0, 0, 0, 0, 0, 0, 0, 0, 0, 0, 0, 0, 0, 0, 0, 0, 0, 0, 0], 'ages_died': [], 'log_terms': [26.53070554412436, 0.4104101859242901, 52.24466505568853, 0.24222808538860105], 'log_cov': [[1.712020162427533, -0.03836857478376617, 0.3993415745768548, -0.04612292300464483], [-0.03836857478376617, 0.0012513420147680597, -0.008905699642294087, 0.001319998722910576], [0.3993415745768548, -0.008905699642294087, 0.11336953282413953, -0.002280381389746176], [-0.046122923004644836, 0.001319998722910576, -0.0022803813897461765, 0.01771411655787049]], 'exp_terms': [72.92235820358276, 0.168148066611515, 64.14514523949964], 'exp_cov': [[1.078129151651986e+18, 378420.88487119385, 9.512708790990637e+16], [378420.88487119385, 9.36266285598156e-05, 33389.387340328525], [9.512708790990637e+16, 33389.387340328525, 8393394094161432.0]]}, 'Albania': {'name': 'Albania', 'size': 40, 'lat': 41.1533, 'lon': 20.1683, 'confirmed': [0, 0, 0, 0, 0, 0, 0, 0, 0, 0, 0, 0, 0, 0, 0, 0, 0, 0, 0, 0, 0, 0, 0, 0, 0, 0, 0, 0, 0, 0, 0, 0, 0, 0, 0, 0, 0, 0, 0, 0, 0, 0, 0, 0, 0, 0, 0, 2, 10, 12, 23, 33, 38, 42, 51, 55, 59, 64, 70], 'old': 0, 'growth': [0.0, 0.0, 0.0, 0.0, 0.0, 0.0, 0.0, 0.0, 0.0, 0.0, 0.0, 0.0, 0.0, 0.0, 0.0, 0.0, 0.0, 0.0, 0.0, 0.0, 0.0, 0.0, 0.0, 0.0, 0.0, 0.0, 0.0, 0.0, 0.0, 0.0, 0.0, 0.0, 0.0, 0.0, 0.0, 0.0, 0.0, 0.0, 0.0, 0.0, 0.0, 0.0, 0.0, 0.0, 0.0, 0.0, 4.0, 0.25, 5.5, 0.9090909090909091, 0.5, 0.8, 2.25, 0.4444444444444444, 1.0, 1.25, 1.2], 'ages': [], 'recovered': [0, 0, 0, 0, 0, 0, 0, 0, 0, 0, 0, 0, 0, 0, 0, 0, 0, 0, 0, 0, 0, 0, 0, 0, 0, 0, 0, 0, 0, 0, 0, 0, 0, 0, 0, 0, 0, 0, 0, 0, 0, 0, 0, 0, 0, 0, 0, 0, 0, 0, 0, 0, 0, 0, 0, 0, 0, 0, 0], 'deaths': [0, 0, 0, 0, 0, 0, 0, 0, 0, 0, 0, 0, 0, 0, 0, 0, 0, 0, 0, 0, 0, 0, 0, 0, 0, 0, 0, 0, 0, 0, 0, 0, 0, 0, 0, 0, 0, 0, 0, 0, 0, 0, 0, 0, 0, 0, 0, 0, 0, 1, 1, 1, 1, 1, 1, 1, 2, 2, 2], 'ages_died': [], 'log_terms': [70.00000000003959, 0.4834832321440599, 51.84838940173428, 2.9908076468949095e-14], 'log_cov': [[2.6263673207559743, -0.03124016101430679, 0.20213692517849716, -0.09482145261191954], [-0.031240161014306794, 0.0006084383858825654, -0.0023828045320345922, 0.0013480406804212085], [0.20213692517849716, -0.0023828045320345922, 0.022176461264618873, 0.00027281555000102333], [-0.09482145261191956, 0.0013480406804212085, 0.000272815550001023, 0.047725682565044066]], 'exp_terms': [84.63689857974725, 0.18892230312597047, 58.29002892249127], 'exp_cov': [[1.6243692034695712e+17, -237873.10154190697, 1.1090733992175144e+16], [-237873.101541907, 0.00014233848319239708, -16241.305185188932], [1.1090733992175144e+16, -16241.305185188932, 757243982602342.1]]}, 'Algeria': {'name': 'Algeria', 'size': 40, 'lat': 28.0339, 'lon': 1.6596, 'confirmed': [0, 0, 0, 0, 0, 0, 0, 0, 0, 0, 0, 0, 0, 0, 0, 0, 0, 0, 0, 0, 0, 0, 0, 0, 0, 0, 0, 0, 0, 0, 0, 0, 0, 0, 1, 1, 1, 1, 1, 1, 3, 5, 12, 12, 17, 17, 19, 20, 20, 20, 24, 26, 37, 48, 54, 60, 74, 87, 90], 'old': 0, 'growth': [0.0, 0.0, 0.0, 0.0, 0.0, 0.0, 0.0, 0.0, 0.0, 0.0, 0.0, 0.0, 0.0, 0.0, 0.0, 0.0, 0.0, 0.0, 0.0, 0.0, 0.0, 0.0, 0.0, 0.0, 0.0, 0.0, 0.0, 0.0, 0.0, 0.0, 0.0, 0.0, 0.0, 0.0, 0.0, 0.0, 0.0, 0.0, 0.0, 1.0, 3.5, 0.0, 0.0, 0.0, 0.0, 0.5, 0.0, 0.0, 0.0, 0.5, 5.5, 1.0, 0.5454545454545454, 1.0, 2.3333333333333335, 0.9285714285714286, 0.23076923076923078], 'ages': [], 'recovered': [0, 0, 0, 0, 0, 0, 0, 0, 0, 0, 0, 0, 0, 0, 0, 0, 0, 0, 0, 0, 0, 0, 0, 0, 0, 0, 0, 0, 0, 0, 0, 0, 0, 0, 0, 0, 0, 0, 0, 0, 0, 0, 0, 0, 0, 0, 0, 0, 0, 0, 8, 8, 12, 12, 12, 12, 12, 32, 32], 'deaths': [0, 0, 0, 0, 0, 0, 0, 0, 0, 0, 0, 0, 0, 0, 0, 0, 0, 0, 0, 0, 0, 0, 0, 0, 0, 0, 0, 0, 0, 0, 0, 0, 0, 0, 0, 0, 0, 0, 0, 0, 0, 0, 0, 0, 0, 0, 0, 0, 0, 0, 1, 2, 3, 4, 4, 4, 7, 9, 11], 'ages_died': [], 'log_terms': [421.78752211387854, 0.17378084856354586, 65.17265919163358, 7.546610769601537e-15], 'log_cov': [[67204.12853301821, -3.7454026597417975, 1306.206897574239, -45.50932990501349], [-3.745402659741797, 0.00023604726021082828, -0.07428220508431559, 0.0035560025177375745], [1306.206897574239, -0.0742822050843156, 25.478823599166137, -0.9227572760133417], [-45.50932990501348, 0.0035560025177375745, -0.9227572760133417, 0.1954874580727559]], 'exp_terms': [86.47402247071247, 0.1672387831423322, 57.31706381754413], 'exp_cov': [[9.314284234526506e+16, -14283.517403582639, 6965292479967986.0], [-14283.517403582639, 2.2507610717737154e-05, -1068.1325366900069], [6965292479967986.0, -1068.1325366900069, 520869860849429.7]]}, 'Andorra': {'name': 'Andorra', 'size': 40, 'lat': 42.5063, 'lon': 1.5218, 'confirmed': [0, 0, 0, 0, 0, 0, 0, 0, 0, 0, 0, 0, 0, 0, 0, 0, 0, 0, 0, 0, 0, 0, 0, 0, 0, 0, 0, 0, 0, 0, 0, 0, 0, 0, 0, 0, 0, 0, 0, 0, 1, 1, 1, 1, 1, 1, 1, 1, 1, 1, 1, 1, 1, 1, 2, 39, 39, 53, 75], 'old': 0, 'growth': [0.0, 0.0, 0.0, 0.0, 0.0, 0.0, 0.0, 0.0, 0.0, 0.0, 0.0, 0.0, 0.0, 0.0, 0.0, 0.0, 0.0, 0.0, 0.0, 0.0, 0.0, 0.0, 0.0, 0.0, 0.0, 0.0, 0.0, 0.0, 0.0, 0.0, 0.0, 0.0, 0.0, 0.0, 0.0, 0.0, 0.0, 0.0, 0.0, 0.0, 0.0, 0.0, 0.0, 0.0, 0.0, 0.0, 0.0, 0.0, 0.0, 0.0, 0.0, 0.0, 0.0, 37.0, 0.0, 0.0, 1.5714285714285714], 'ages': [], 'recovered': [0, 0, 0, 0, 0, 0, 0, 0, 0, 0, 0, 0, 0, 0, 0, 0, 0, 0, 0, 0, 0, 0, 0, 0, 0, 0, 0, 0, 0, 0, 0, 0, 0, 0, 0, 0, 0, 0, 0, 0, 0, 0, 0, 0, 0, 0, 0, 0, 0, 0, 1, 0, 1, 1, 1, 1, 1, 1, 1], 'deaths': [0, 0, 0, 0, 0, 0, 0, 0, 0, 0, 0, 0, 0, 0, 0, 0, 0, 0, 0, 0, 0, 0, 0, 0, 0, 0, 0, 0, 0, 0, 0, 0, 0, 0, 0, 0, 0, 0, 0, 0, 0, 0, 0, 0, 0, 0, 0, 0, 0, 0, 0, 0, 0, 0, 0, 0, 0, 0, 0], 'ages_died': [], 'log_terms': [82.4619216544959, 0.9013957594631293, 55.97047791811387, 0.08068094230879559], 'log_cov': [[56.78696867321305, -0.799163976906299, 1.9683081939583444, -0.4546487109850163], [-0.7991639769062989, 0.015647131300522574, -0.027902438414516756, 0.00846020994736931], [1.9683081939583444, -0.027902438414516756, 0.07639937629778623, -0.005472734819001757], [-0.45464871098501625, 0.00846020994736931, -0.005472734819001756, 0.14289307505254997]], 'exp_terms': [84.89868242152022, 0.5189576307925686, 58.185557394190056], 'exp_cov': [[6.485042840709217e+17, 24005838.750508253, 1.8273023595652524e+16], [24005838.750508253, 0.002570752458221258, 676416.8981811677], [1.8273023595652524e+16, 676416.8981811677, 514882321564983.7]]}, 'Angola': {'name': 'Angola', 'size': 0, 'lat': -11.2027, 'lon': 17.8739, 'confirmed': [0, 0, 0, 0, 0, 0, 0, 0, 0, 0, 0, 0, 0, 0, 0, 0, 0, 0, 0, 0, 0, 0, 0, 0, 0, 0, 0, 0, 0, 0, 0, 0, 0, 0, 0, 0, 0, 0, 0, 0, 0, 0, 0, 0, 0, 0, 0, 0, 0, 0, 0, 0, 0, 0, 0, 0, 0, 0, 1], 'old': 0, 'growth': [0.0, 0.0, 0.0, 0.0, 0.0, 0.0, 0.0, 0.0, 0.0, 0.0, 0.0, 0.0, 0.0, 0.0, 0.0, 0.0, 0.0, 0.0, 0.0, 0.0, 0.0, 0.0, 0.0, 0.0, 0.0, 0.0, 0.0, 0.0, 0.0, 0.0, 0.0, 0.0, 0.0, 0.0, 0.0, 0.0, 0.0, 0.0, 0.0, 0.0, 0.0, 0.0, 0.0, 0.0, 0.0, 0.0, 0.0, 0.0, 0.0, 0.0, 0.0, 0.0, 0.0, 0.0, 0.0, 0.0, 0.0], 'ages': [], 'recovered': [0, 0, 0, 0, 0, 0, 0, 0, 0, 0, 0, 0, 0, 0, 0, 0, 0, 0, 0, 0, 0, 0, 0, 0, 0, 0, 0, 0, 0, 0, 0, 0, 0, 0, 0, 0, 0, 0, 0, 0, 0, 0, 0, 0, 0, 0, 0, 0, 0, 0, 0, 0, 0, 0, 0, 0, 0, 0, 0], 'deaths': [0, 0, 0, 0, 0, 0, 0, 0, 0, 0, 0, 0, 0, 0, 0, 0, 0, 0, 0, 0, 0, 0, 0, 0, 0, 0, 0, 0, 0, 0, 0, 0, 0, 0, 0, 0, 0, 0, 0, 0, 0, 0, 0, 0, 0, 0, 0, 0, 0, 0, 0, 0, 0, 0, 0, 0, 0, 0, 0], 'ages_died': [], 'log_terms': [894732.2921731594, 7.525213615898685, 59.82111252535645, 1.0160356734545395e-124], 'log_cov': [[2.3929048692897977e-17, 6.657366236366091e-10, -1.6110896094936415e-10, 6.192128418193165e-15], [6.657366236366091e-10, 0.01852164273621451, -0.004482256569252714, 1.7232306778078153e-07], [-1.6110896094936415e-10, -0.004482256569252715, 0.0010847107894384196, -4.169022255654802e-08], [6.192128418193165e-15, 1.7232306778078153e-07, -4.169022255654802e-08, 9.288782719584943e-11]], 'exp_terms': [72.15499840378087, 0.9999999999999999, 64.58806493687032], 'exp_cov': [[0.0005383815730464809, 0.005345722244761542, -0.026926625214788544], [0.005345722244761542, 0.05357142190042299, -0.2673610439015248], [-0.026926625214788547, -0.2673610439015248, 1.3467086946437707]]}, 'Antigua and Barbuda': {'name': 'Antigua and Barbuda', 'size': 0, 'lat': 17.0608, 'lon': -61.7964, 'confirmed': [0, 0, 0, 0, 0, 0, 0, 0, 0, 0, 0, 0, 0, 0, 0, 0, 0, 0, 0, 0, 0, 0, 0, 0, 0, 0, 0, 0, 0, 0, 0, 0, 0, 0, 0, 0, 0, 0, 0, 0, 0, 0, 0, 0, 0, 0, 0, 0, 0, 0, 0, 1, 1, 1, 1, 1, 1, 1, 1], 'old': 0, 'growth': [0.0, 0.0, 0.0, 0.0, 0.0, 0.0, 0.0, 0.0, 0.0, 0.0, 0.0, 0.0, 0.0, 0.0, 0.0, 0.0, 0.0, 0.0, 0.0, 0.0, 0.0, 0.0, 0.0, 0.0, 0.0, 0.0, 0.0, 0.0, 0.0, 0.0, 0.0, 0.0, 0.0, 0.0, 0.0, 0.0, 0.0, 0.0, 0.0, 0.0, 0.0, 0.0, 0.0, 0.0, 0.0, 0.0, 0.0, 0.0, 0.0, 0.0, 0.0, 0.0, 0.0, 0.0, 0.0, 0.0, 0.0], 'ages': [], 'recovered': [0, 0, 0, 0, 0, 0, 0, 0, 0, 0, 0, 0, 0, 0, 0, 0, 0, 0, 0, 0, 0, 0, 0, 0, 0, 0, 0, 0, 0, 0, 0, 0, 0, 0, 0, 0, 0, 0, 0, 0, 0, 0, 0, 0, 0, 0, 0, 0, 0, 0, 0, 0, 0, 0, 0, 0, 0, 0, 0], 'deaths': [0, 0, 0, 0, 0, 0, 0, 0, 0, 0, 0, 0, 0, 0, 0, 0, 0, 0, 0, 0, 0, 0, 0, 0, 0, 0, 0, 0, 0, 0, 0, 0, 0, 0, 0, 0, 0, 0, 0, 0, 0, 0, 0, 0, 0, 0, 0, 0, 0, 0, 0, 0, 0, 0, 0, 0, 0, 0, 0], 'ages_died': [], 'log_terms': [1.0008550170951276, 9.999999999999998, 50.503329175547215, 3.107378888731883e-21], 'log_cov': [[2.485724001334553e-07, -3.595788038436636e-05, 1.3605542942544978e-06, -3.0526133676330024e-08], [-3.595788038436636e-05, 0.07430380639165826, 1.0809098233816637e-05, 4.680272389203996e-06], [1.3605542942544978e-06, 1.0809098233816637e-05, 0.0001861055139167329, 2.355010643246931e-07], [-3.0526133676330024e-08, 4.680272389203996e-06, 2.355010643246931e-07, 3.052573777862486e-08]], 'exp_terms': [47.678685729427954, 0.17106222942512922, 80.66762584595233], 'exp_cov': [[2.7061063413169866e+17, 5052984.573262989, 3.594244459778991e+16], [5052984.573262989, 0.0006489559228359081, 671136.2178308929], [3.5942444597789908e+16, 671136.2178308929, 4773867545192211.0]]}, 'Argentina': {'name': 'Argentina', 'size': 40, 'lat': -38.4161, 'lon': -63.6167, 'confirmed': [0, 0, 0, 0, 0, 0, 0, 0, 0, 0, 0, 0, 0, 0, 0, 0, 0, 0, 0, 0, 0, 0, 0, 0, 0, 0, 0, 0, 0, 0, 0, 0, 0, 0, 0, 0, 0, 0, 0, 0, 0, 1, 1, 1, 2, 8, 12, 12, 17, 19, 19, 31, 34, 45, 56, 68, 79, 97, 128], 'old': 0, 'growth': [0.0, 0.0, 0.0, 0.0, 0.0, 0.0, 0.0, 0.0, 0.0, 0.0, 0.0, 0.0, 0.0, 0.0, 0.0, 0.0, 0.0, 0.0, 0.0, 0.0, 0.0, 0.0, 0.0, 0.0, 0.0, 0.0, 0.0, 0.0, 0.0, 0.0, 0.0, 0.0, 0.0, 0.0, 0.0, 0.0, 0.0, 0.0, 0.0, 0.0, 0.0, 0.0, 0.0, 6.0, 0.6666666666666666, 0.0, 0.0, 0.4, 0.0, 0.0, 0.25, 3.6666666666666665, 1.0, 1.0909090909090908, 0.9166666666666666, 1.6363636363636365, 1.7222222222222223], 'ages': [], 'recovered': [0, 0, 0, 0, 0, 0, 0, 0, 0, 0, 0, 0, 0, 0, 0, 0, 0, 0, 0, 0, 0, 0, 0, 0, 0, 0, 0, 0, 0, 0, 0, 0, 0, 0, 0, 0, 0, 0, 0, 0, 0, 0, 0, 0, 0, 0, 0, 0, 0, 0, 0, 0, 1, 1, 1, 3, 3, 3, 3], 'deaths': [0, 0, 0, 0, 0, 0, 0, 0, 0, 0, 0, 0, 0, 0, 0, 0, 0, 0, 0, 0, 0, 0, 0, 0, 0, 0, 0, 0, 0, 0, 0, 0, 0, 0, 0, 0, 0, 0, 0, 0, 0, 0, 0, 0, 0, 0, 1, 1, 1, 1, 1, 2, 2, 2, 2, 2, 2, 3, 3], 'ages_died': [], 'log_terms': [1195.504440971878, 0.2266607122859571, 67.48838677509212, 8.327394240415651e-20], 'log_cov': [[1027750.7185720977, -11.197782416425122, 4666.62124824133, -89.66531297746575], [-11.197782416425122, 0.00013717285848445883, -0.05158396867606585, 0.0013902027873789551], [4666.62124824133, -0.05158396867606585, 21.22696451474233, -0.42351168885866275], [-89.66531297746575, 0.0013902027873789551, -0.42351168885866275, 0.0731274855165817]], 'exp_terms': [88.7787187045886, 0.2403394976100428, 56.38494388025133], 'exp_cov': [[1.906430661680532e+16, -177116.41336479018, 997002995270172.2], [-177116.41336479018, 1.894449413351362e-05, -9262.628769277115], [997002995270172.2, -9262.628769277115, 52140106249731.84]]}, 'Armenia': {'name': 'Armenia', 'size': 40, 'lat': 40.0691, 'lon': 45.0382, 'confirmed': [0, 0, 0, 0, 0, 0, 0, 0, 0, 0, 0, 0, 0, 0, 0, 0, 0, 0, 0, 0, 0, 0, 0, 0, 0, 0, 0, 0, 0, 0, 0, 0, 0, 0, 0, 0, 0, 0, 0, 1, 1, 1, 1, 1, 1, 1, 1, 1, 1, 1, 4, 8, 18, 26, 52, 78, 84, 115, 136], 'old': 0, 'growth': [0.0, 0.0, 0.0, 0.0, 0.0, 0.0, 0.0, 0.0, 0.0, 0.0, 0.0, 0.0, 0.0, 0.0, 0.0, 0.0, 0.0, 0.0, 0.0, 0.0, 0.0, 0.0, 0.0, 0.0, 0.0, 0.0, 0.0, 0.0, 0.0, 0.0, 0.0, 0.0, 0.0, 0.0, 0.0, 0.0, 0.0, 0.0, 0.0, 0.0, 0.0, 0.0, 0.0, 0.0, 0.0, 0.0, 0.0, 0.0, 0.0, 1.3333333333333333, 2.5, 0.8, 3.25, 1.0, 0.23076923076923078, 5.166666666666667, 0.6774193548387096], 'ages': [], 'recovered': [0, 0, 0, 0, 0, 0, 0, 0, 0, 0, 0, 0, 0, 0, 0, 0, 0, 0, 0, 0, 0, 0, 0, 0, 0, 0, 0, 0, 0, 0, 0, 0, 0, 0, 0, 0, 0, 0, 0, 0, 0, 0, 0, 0, 0, 0, 0, 0, 0, 0, 0, 0, 0, 0, 0, 1, 1, 1, 1], 'deaths': [0, 0, 0, 0, 0, 0, 0, 0, 0, 0, 0, 0, 0, 0, 0, 0, 0, 0, 0, 0, 0, 0, 0, 0, 0, 0, 0, 0, 0, 0, 0, 0, 0, 0, 0, 0, 0, 0, 0, 0, 0, 0, 0, 0, 0, 0, 0, 0, 0, 0, 0, 0, 0, 0, 0, 0, 0, 0, 0], 'ages_died': [], 'log_terms': [162.88285750265666, 0.5974836927928886, 55.49062793479929, 0.009124771834589675], 'log_cov': [[46.5655311635733, -0.1804577913571416, 1.1652076050445517, -0.3808981288979158], [-0.18045779135714163, 0.0009184859587925002, -0.004566489560987249, 0.0020471599361600997], [1.1652076050445517, -0.004566489560987249, 0.03112208899159566, -0.005030447747105432], [-0.3808981288979158, 0.0020471599361600993, -0.005030447747105431, 0.08744067401336268]], 'exp_terms': [89.50051189249199, 0.3507584760299223, 56.35486786904242], 'exp_cov': [[3.042048557488699e+17, 815515.5240837232, 1.130462004242403e+16], [815515.5240837232, 0.00025384068508104655, 30305.542616230654], [1.130462004242403e+16, 30305.54261623066, 420093341340590.56]]}, 'Australia': {'name': 'Australia', 'size': 60, 'lat': -24.6483001, 'lon': 133.948055, 'confirmed': [0, 0, 0, 0, 4, 5, 5, 6, 9, 9, 12, 12, 12, 13, 13, 14, 15, 15, 15, 15, 15, 15, 15, 15, 15, 15, 15, 15, 15, 15, 19, 22, 22, 22, 22, 22, 23, 23, 25, 27, 30, 39, 52, 55, 60, 63, 76, 91, 107, 128, 128, 200, 250, 297, 377, 452, 568, 681, 791], 'recovered': [0, 0, 0, 0, 0, 0, 0, 0, 2, 2, 2, 2, 2, 2, 2, 2, 2, 2, 2, 2, 2, 2, 8, 8, 8, 8, 10, 10, 10, 10, 11, 11, 11, 11, 11, 11, 11, 11, 11, 11, 11, 11, 11, 21, 21, 21, 21, 21, 21, 21, 21, 23, 23, 23, 23, 23, 23, 26, 26], 'deaths': [0, 0, 0, 0, 0, 0, 0, 0, 0, 0, 0, 0, 0, 0, 0, 0, 0, 0, 0, 0, 0, 0, 0, 0, 0, 0, 0, 0, 0, 0, 0, 0, 0, 0, 0, 0, 0, 0, 0, 1, 1, 1, 2, 2, 2, 2, 3, 3, 3, 3, 3, 3, 3, 3, 3, 5, 6, 6, 7], 'growth': [0.0, 0.0, 0.0, 0.25, 0.0, 0.0, 3.0, 0.0, 0.0, 0.0, 0.0, 0.0, 0.0, 0.0, 1.0, 0.0, 0.0, 0.0, 0.0, 0.0, 0.0, 0.0, 0.0, 0.0, 0.0, 0.0, 0.0, 0.0, 0.0, 0.75, 0.0, 0.0, 0.0, 0.0, 0.0, 0.0, 0.0, 1.0, 1.5, 3.0, 1.4444444444444444, 0.23076923076923078, 1.6666666666666667, 0.6, 4.333333333333333, 1.1538461538461537, 1.0666666666666667, 1.3125, 0.0, 0.0, 0.6944444444444444, 0.94, 1.702127659574468, 0.9375, 1.5466666666666666, 0.9741379310344828, 0.9734513274336283], 'old': 0, 'ages': [35.0, 43.0, 53.0, 55.0, 21.0, 44.0, 65.0, 45.0, 42.0, 60.0, 60.0, 25.0, 8.0, 37.0, 37.0], 'ages_died': [], 'log_terms': [3903.7329944395383, 0.22842652199107497, 63.977526865229095, 9.999999999999998], 'log_cov': [[1488851.5093691375, -10.492805102902494, 2329.5044579767386, -553.082452487094], [-10.492805102902496, 8.370384226382965e-05, -0.016748535755473228, 0.005585266496949901], [2329.5044579767386, -0.016748535755473228, 3.6572457551847837, -0.9051986459806488], [-553.082452487094, 0.005585266496949902, -0.9051986459806488, 1.96830262219302]], 'exp_terms': [106.30647019416853, 0.21566878498951192, 47.60913582623675], 'exp_cov': [[2.709150770609067e+16, 83615.17036397703, 1304919719189020.2], [83615.17036397703, 1.930067480456644e-05, 4027.5020440616418], [1304919719189020.2, 4027.5020440616418, 62854215867267.05]]}, 'Austria': {'name': 'Austria', 'size': 70, 'lat': 47.5162, 'lon': 14.5501, 'confirmed': [0, 0, 0, 0, 0, 0, 0, 0, 0, 0, 0, 0, 0, 0, 0, 0, 0, 0, 0, 0, 0, 0, 0, 0, 0, 0, 0, 0, 0, 0, 0, 0, 0, 0, 2, 2, 3, 3, 9, 14, 18, 21, 29, 41, 55, 79, 104, 131, 182, 246, 302, 504, 655, 860, 1018, 1332, 1646, 2013, 2388], 'old': 0, 'growth': [0.0, 0.0, 0.0, 0.0, 0.0, 0.0, 0.0, 0.0, 0.0, 0.0, 0.0, 0.0, 0.0, 0.0, 0.0, 0.0, 0.0, 0.0, 0.0, 0.0, 0.0, 0.0, 0.0, 0.0, 0.0, 0.0, 0.0, 0.0, 0.0, 0.0, 0.0, 0.0, 0.0, 0.0, 0.0, 0.0, 0.0, 0.8333333333333334, 0.8, 0.75, 2.6666666666666665, 1.5, 1.1666666666666667, 1.7142857142857142, 1.0416666666666667, 1.08, 1.8888888888888888, 1.2549019607843137, 0.875, 3.607142857142857, 0.7475247524752475, 1.3576158940397351, 0.7707317073170732, 1.9873417721518987, 1.0, 1.1687898089171975, 1.021798365122616], 'ages': [24.0, 24.0], 'recovered': [0, 0, 0, 0, 0, 0, 0, 0, 0, 0, 0, 0, 0, 0, 0, 0, 0, 0, 0, 0, 0, 0, 0, 0, 0, 0, 0, 0, 0, 0, 0, 0, 0, 0, 0, 0, 0, 0, 0, 0, 0, 0, 0, 0, 0, 0, 0, 2, 4, 4, 4, 6, 6, 6, 6, 1, 9, 9, 9], 'deaths': [0, 0, 0, 0, 0, 0, 0, 0, 0, 0, 0, 0, 0, 0, 0, 0, 0, 0, 0, 0, 0, 0, 0, 0, 0, 0, 0, 0, 0, 0, 0, 0, 0, 0, 0, 0, 0, 0, 0, 0, 0, 0, 0, 0, 0, 0, 0, 0, 0, 0, 1, 1, 1, 1, 3, 3, 4, 6, 6], 'ages_died': [], 'log_terms': [4662.149389680865, 0.3186484119759349, 57.863864870257146, 4.619738515753442e-16], 'log_cov': [[37277.732836097566, -1.0270360258913476, 46.87843955541608, -94.57130314347017], [-1.0270360258913476, 3.3120509804684485e-05, -0.0013228817795782818, 0.0038293553303753642], [46.87843955541607, -0.0013228817795782818, 0.059434141175257645, -0.11474487042577856], [-94.57130314347019, 0.0038293553303753642, -0.11474487042577859, 3.691668851271103]], 'exp_terms': [108.32018346796048, 0.2602251951309915, 44.43089092297779], 'exp_cov': [[1.1444386642235213e+17, 986124.1150167601, 4567993797396324.0], [986124.1150167602, 3.2389744371640205e-05, 39360.85954644448], [4567993797396324.0, 39360.85954644447, 182330150014713.47]]}, 'Azerbaijan': {'name': 'Azerbaijan', 'size': 30, 'lat': 40.1431, 'lon': 47.5769, 'confirmed': [0, 0, 0, 0, 0, 0, 0, 0, 0, 0, 0, 0, 0, 0, 0, 0, 0, 0, 0, 0, 0, 0, 0, 0, 0, 0, 0, 0, 0, 0, 0, 0, 0, 0, 0, 0, 0, 0, 0, 3, 3, 3, 3, 6, 6, 9, 9, 9, 11, 11, 11, 15, 15, 23, 15, 28, 28, 44, 44], 'old': 0, 'growth': [0.0, 0.0, 0.0, 0.0, 0.0, 0.0, 0.0, 0.0, 0.0, 0.0, 0.0, 0.0, 0.0, 0.0, 0.0, 0.0, 0.0, 0.0, 0.0, 0.0, 0.0, 0.0, 0.0, 0.0, 0.0, 0.0, 0.0, 0.0, 0.0, 0.0, 0.0, 0.0, 0.0, 0.0, 0.0, 0.0, 0.0, 0.0, 0.0, 0.0, 0.0, 0.0, 0.0, 0.0, 0.0, 0.0, 0.0, 0.0, 0.0, 0.0, 0.0, 0.0, -1.0, -1.625, 0.0, 0.0, 0.0], 'ages': [], 'recovered': [0, 0, 0, 0, 0, 0, 0, 0, 0, 0, 0, 0, 0, 0, 0, 0, 0, 0, 0, 0, 0, 0, 0, 0, 0, 0, 0, 0, 0, 0, 0, 0, 0, 0, 0, 0, 0, 0, 0, 0, 0, 0, 0, 0, 0, 0, 0, 0, 0, 3, 3, 3, 3, 6, 6, 6, 6, 6, 6], 'deaths': [0, 0, 0, 0, 0, 0, 0, 0, 0, 0, 0, 0, 0, 0, 0, 0, 0, 0, 0, 0, 0, 0, 0, 0, 0, 0, 0, 0, 0, 0, 0, 0, 0, 0, 0, 0, 0, 0, 0, 0, 0, 0, 0, 0, 0, 0, 0, 0, 0, 0, 0, 1, 1, 1, 1, 1, 1, 1, 1], 'ages_died': [], 'log_terms': [357.93402239119956, 0.16982580454064575, 69.5999999999985, 1.0677372501389496e-11], 'log_cov': [[583395.3513102239, -19.062286301504436, 12110.541945110233, -107.60210400472842], [-19.062286301504436, 0.0006996645523306376, -0.40186945836975924, 0.004889381734481791], [12110.541945110232, -0.40186945836975924, 251.91959888763702, -2.323010830072918], [-107.60210400472842, 0.00488938173448179, -2.323010830072918, 0.12039153692234864]], 'exp_terms': [78.19801098160333, 0.17305323345074514, 61.5641008373986], 'exp_cov': [[5.044833320209291e+17, -1213147.5720794396, 4.041952290054333e+16], [-1213147.5720794396, 6.825415824247894e-05, -97198.15116698116], [4.041952290054333e+16, -97198.15116698116, 3238437680315212.0]]}, 'Bahamas, The': {'name': 'Bahamas, The', 'size': 10, 'lat': 25.0343, 'lon': -77.3963, 'confirmed': [0, 0, 0, 0, 0, 0, 0, 0, 0, 0, 0, 0, 0, 0, 0, 0, 0, 0, 0, 0, 0, 0, 0, 0, 0, 0, 0, 0, 0, 0, 0, 0, 0, 0, 0, 0, 0, 0, 0, 0, 0, 0, 0, 0, 0, 0, 0, 0, 0, 0, 0, 0, 0, 0, 1, 1, 1, 3, 3], 'old': 0, 'growth': [0.0, 0.0, 0.0, 0.0, 0.0, 0.0, 0.0, 0.0, 0.0, 0.0, 0.0, 0.0, 0.0, 0.0, 0.0, 0.0, 0.0, 0.0, 0.0, 0.0, 0.0, 0.0, 0.0, 0.0, 0.0, 0.0, 0.0, 0.0, 0.0, 0.0, 0.0, 0.0, 0.0, 0.0, 0.0, 0.0, 0.0, 0.0, 0.0, 0.0, 0.0, 0.0, 0.0, 0.0, 0.0, 0.0, 0.0, 0.0, 0.0, 0.0, 0.0, 0.0, 0.0, 0.0, 0.0, 0.0, 0.0], 'ages': [], 'recovered': [0, 0, 0, 0, 0, 0, 0, 0, 0, 0, 0, 0, 0, 0, 0, 0, 0, 0, 0, 0, 0, 0, 0, 0, 0, 0, 0, 0, 0, 0, 0, 0, 0, 0, 0, 0, 0, 0, 0, 0, 0, 0, 0, 0, 0, 0, 0, 0, 0, 0, 0, 0, 0, 0, 0, 0, 0, 0, 0], 'deaths': [0, 0, 0, 0, 0, 0, 0, 0, 0, 0, 0, 0, 0, 0, 0, 0, 0, 0, 0, 0, 0, 0, 0, 0, 0, 0, 0, 0, 0, 0, 0, 0, 0, 0, 0, 0, 0, 0, 0, 0, 0, 0, 0, 0, 0, 0, 0, 0, 0, 0, 0, 0, 0, 0, 0, 0, 0, 0, 0], 'ages_died': [], 'log_terms': [4.181214138979113, 0.8000924074587895, 56.5610076040517, 2.2398408015930126e-37], 'log_cov': [[0.48899162185730427, -0.08627634331650329, 0.3462020849481871, -0.0021422287906020256], [-0.08627634331650329, 0.019253433657172855, -0.061996282310587375, 0.0005312109600527045], [0.34620208494818716, -0.061996282310587375, 0.25529006622509093, -0.0009663366514633671], [-0.0021422287906020256, 0.0005312109600527045, -0.0009663366514633671, 0.0003791157608034494]], 'exp_terms': [70.84037459032469, 0.5267418991615005, 65.21477562759362], 'exp_cov': [[1.6855587852857386e+17, -9685026.530346725, 5623195596623959.0], [-9685026.530346725, 0.002814165313266102, -323102.3664471437], [5623195596623959.0, -323102.3664471437, 187595526147910.72]]}, 'Bahrain': {'name': 'Bahrain', 'size': 50, 'lat': 26.0275, 'lon': 50.55, 'confirmed': [0, 0, 0, 0, 0, 0, 0, 0, 0, 0, 0, 0, 0, 0, 0, 0, 0, 0, 0, 0, 0, 0, 0, 0, 0, 0, 0, 0, 0, 0, 0, 0, 0, 1, 23, 33, 33, 36, 41, 47, 49, 49, 52, 55, 60, 85, 85, 95, 110, 195, 195, 189, 210, 214, 214, 228, 256, 278, 285], 'old': 0, 'growth': [0.0, 0.0, 0.0, 0.0, 0.0, 0.0, 0.0, 0.0, 0.0, 0.0, 0.0, 0.0, 0.0, 0.0, 0.0, 0.0, 0.0, 0.0, 0.0, 0.0, 0.0, 0.0, 0.0, 0.0, 0.0, 0.0, 0.0, 0.0, 0.0, 0.0, 0.0, 0.0, 22.0, 0.45454545454545453, 0.0, 0.0, 1.6666666666666667, 1.2, 0.3333333333333333, 0.0, 0.0, 1.0, 1.6666666666666667, 5.0, 0.0, 0.0, 1.5, 5.666666666666667, 0.0, 0.0, -3.5, 0.19047619047619047, 0.0, 0.0, 2.0, 0.7857142857142857, 0.3181818181818182], 'ages': [], 'recovered': [0, 0, 0, 0, 0, 0, 0, 0, 0, 0, 0, 0, 0, 0, 0, 0, 0, 0, 0, 0, 0, 0, 0, 0, 0, 0, 0, 0, 0, 0, 0, 0, 0, 0, 0, 0, 0, 0, 0, 0, 0, 0, 0, 0, 4, 4, 4, 14, 22, 35, 35, 44, 44, 60, 77, 81, 88, 100, 100], 'deaths': [0, 0, 0, 0, 0, 0, 0, 0, 0, 0, 0, 0, 0, 0, 0, 0, 0, 0, 0, 0, 0, 0, 0, 0, 0, 0, 0, 0, 0, 0, 0, 0, 0, 0, 0, 0, 0, 0, 0, 0, 0, 0, 0, 0, 0, 0, 0, 0, 0, 0, 0, 0, 0, 0, 1, 1, 1, 1, 1], 'ages_died': [], 'log_terms': [342.52902130755916, 0.19660742562833378, 50.28537230989174, 5.481457469872216e-12], 'log_cov': [[699.1300499996236, -0.4114501935957601, 23.4360304308462, -22.486703337539055], [-0.4114501935957602, 0.0003038868898840165, -0.013701618782033322, 0.017835580810352292], [23.4360304308462, -0.013701618782033322, 0.844477164614856, -0.46259399808645923], [-22.486703337539055, 0.017835580810352292, -0.46259399808645923, 4.612989095786897]], 'exp_terms': [107.07258290739925, 0.10616768118386233, 47.106171944394966], 'exp_cov': [[5.876771432621431e+17, 1645574.2409734307, 5.439549143741615e+16], [1645574.2409734305, 2.9600923338214895e-05, 152314.6193550218], [5.439549143741615e+16, 152314.61935502183, 5034855485945217.0]]}, 'Bangladesh': {'name': 'Bangladesh', 'size': 30, 'lat': 23.685, 'lon': 90.3563, 'confirmed': [0, 0, 0, 0, 0, 0, 0, 0, 0, 0, 0, 0, 0, 0, 0, 0, 0, 0, 0, 0, 0, 0, 0, 0, 0, 0, 0, 0, 0, 0, 0, 0, 0, 0, 0, 0, 0, 0, 0, 0, 0, 0, 0, 0, 0, 0, 3, 3, 3, 3, 3, 3, 3, 5, 8, 10, 14, 17, 20], 'old': 0, 'growth': [0.0, 0.0, 0.0, 0.0, 0.0, 0.0, 0.0, 0.0, 0.0, 0.0, 0.0, 0.0, 0.0, 0.0, 0.0, 0.0, 0.0, 0.0, 0.0, 0.0, 0.0, 0.0, 0.0, 0.0, 0.0, 0.0, 0.0, 0.0, 0.0, 0.0, 0.0, 0.0, 0.0, 0.0, 0.0, 0.0, 0.0, 0.0, 0.0, 0.0, 0.0, 0.0, 0.0, 0.0, 0.0, 0.0, 0.0, 0.0, 0.0, 0.0, 0.0, 0.0, 1.5, 0.6666666666666666, 2.0, 0.75, 1.0], 'ages': [], 'recovered': [0, 0, 0, 0, 0, 0, 0, 0, 0, 0, 0, 0, 0, 0, 0, 0, 0, 0, 0, 0, 0, 0, 0, 0, 0, 0, 0, 0, 0, 0, 0, 0, 0, 0, 0, 0, 0, 0, 0, 0, 0, 0, 0, 0, 0, 0, 0, 0, 0, 0, 0, 0, 0, 0, 2, 3, 3, 3, 3], 'deaths': [0, 0, 0, 0, 0, 0, 0, 0, 0, 0, 0, 0, 0, 0, 0, 0, 0, 0, 0, 0, 0, 0, 0, 0, 0, 0, 0, 0, 0, 0, 0, 0, 0, 0, 0, 0, 0, 0, 0, 0, 0, 0, 0, 0, 0, 0, 0, 0, 0, 0, 0, 0, 0, 0, 0, 0, 1, 1, 1], 'ages_died': [], 'log_terms': [150.78690633311896, 0.2628204780731159, 65.01134406886734, 5.701200852540584e-09], 'log_cov': [[41922.210471218896, -5.645808354441422, 1362.4766405215134, -5.433617846833683], [-5.645808354441422, 0.0008564745668381234, -0.18656953870510223, 0.0010510768211382372], [1362.476640521514, -0.1865695387051023, 44.38531812511428, -0.18448781026753333], [-5.433617846833683, 0.0010510768211382372, -0.18448781026753333, 0.008094736985475373]], 'exp_terms': [74.88439782348371, 0.276545466147871, 63.24767977019249], 'exp_cov': [[5.308006312745325e+17, 10176414.85115747, 2.9031530443300104e+16], [10176414.85115747, 0.00030740673894446994, 556587.3113944097], [2.9031530443300104e+16, 556587.3113944097, 1587846189738884.2]]}, 'Barbados': {'name': 'Barbados', 'size': 10, 'lat': 13.1939, 'lon': -59.5432, 'confirmed': [0, 0, 0, 0, 0, 0, 0, 0, 0, 0, 0, 0, 0, 0, 0, 0, 0, 0, 0, 0, 0, 0, 0, 0, 0, 0, 0, 0, 0, 0, 0, 0, 0, 0, 0, 0, 0, 0, 0, 0, 0, 0, 0, 0, 0, 0, 0, 0, 0, 0, 0, 0, 0, 0, 0, 2, 2, 5, 5], 'old': 0, 'growth': [0.0, 0.0, 0.0, 0.0, 0.0, 0.0, 0.0, 0.0, 0.0, 0.0, 0.0, 0.0, 0.0, 0.0, 0.0, 0.0, 0.0, 0.0, 0.0, 0.0, 0.0, 0.0, 0.0, 0.0, 0.0, 0.0, 0.0, 0.0, 0.0, 0.0, 0.0, 0.0, 0.0, 0.0, 0.0, 0.0, 0.0, 0.0, 0.0, 0.0, 0.0, 0.0, 0.0, 0.0, 0.0, 0.0, 0.0, 0.0, 0.0, 0.0, 0.0, 0.0, 0.0, 0.0, 0.0, 0.0, 0.0], 'ages': [], 'recovered': [0, 0, 0, 0, 0, 0, 0, 0, 0, 0, 0, 0, 0, 0, 0, 0, 0, 0, 0, 0, 0, 0, 0, 0, 0, 0, 0, 0, 0, 0, 0, 0, 0, 0, 0, 0, 0, 0, 0, 0, 0, 0, 0, 0, 0, 0, 0, 0, 0, 0, 0, 0, 0, 0, 0, 0, 0, 0, 0], 'deaths': [0, 0, 0, 0, 0, 0, 0, 0, 0, 0, 0, 0, 0, 0, 0, 0, 0, 0, 0, 0, 0, 0, 0, 0, 0, 0, 0, 0, 0, 0, 0, 0, 0, 0, 0, 0, 0, 0, 0, 0, 0, 0, 0, 0, 0, 0, 0, 0, 0, 0, 0, 0, 0, 0, 0, 0, 0, 0, 0], 'ages_died': [], 'log_terms': [5.687436144143844, 1.2661060413802752, 56.0378848785158, 2.3290804341463603e-67], 'log_cov': [[0.12300384508148146, -0.045814771522703406, 0.04679964022976235, -0.0013384703775117894], [-0.045814771522703406, 0.02739499281271562, -0.017453550590310944, 0.0006023237363342346], [0.04679964022976235, -0.017453550590310944, 0.02313689782729079, -1.6136190315836396e-05], [-0.0013384703775117894, 0.0006023237363342346, -1.6136190315836352e-05, 0.0006299239348909378]], 'exp_terms': [74.38188294976344, 0.5847012347787406, 63.58345285527959], 'exp_cov': [[6.374668091675686e+18, -120520312.66591492, 1.8614829547647302e+17], [-120520312.66591492, 0.005471563650615427, -3519344.164220281], [1.8614829547647302e+17, -3519344.164220281, 5435763464147304.0]]}, 'Belarus': {'name': 'Belarus', 'size': 40, 'lat': 53.7098, 'lon': 27.9534, 'confirmed': [0, 0, 0, 0, 0, 0, 0, 0, 0, 0, 0, 0, 0, 0, 0, 0, 0, 0, 0, 0, 0, 0, 0, 0, 0, 0, 0, 0, 0, 0, 0, 0, 0, 0, 0, 0, 0, 1, 1, 1, 1, 1, 6, 6, 6, 6, 6, 6, 9, 9, 12, 27, 27, 27, 36, 36, 51, 51, 69], 'old': 0, 'growth': [0.0, 0.0, 0.0, 0.0, 0.0, 0.0, 0.0, 0.0, 0.0, 0.0, 0.0, 0.0, 0.0, 0.0, 0.0, 0.0, 0.0, 0.0, 0.0, 0.0, 0.0, 0.0, 0.0, 0.0, 0.0, 0.0, 0.0, 0.0, 0.0, 0.0, 0.0, 0.0, 0.0, 0.0, 0.0, 0.0, 0.0, 0.0, 0.0, 0.0, 0.0, 0.0, 0.0, 0.0, 0.0, 0.0, 0.0, 0.0, 0.0, 5.0, 0.0, 0.0, 0.0, 0.0, 0.0, 0.0, 0.0], 'ages': [], 'recovered': [0, 0, 0, 0, 0, 0, 0, 0, 0, 0, 0, 0, 0, 0, 0, 0, 0, 0, 0, 0, 0, 0, 0, 0, 0, 0, 0, 0, 0, 0, 0, 0, 0, 0, 0, 0, 0, 0, 0, 0, 0, 0, 0, 0, 0, 0, 0, 1, 3, 3, 3, 3, 3, 3, 3, 3, 5, 5, 5], 'deaths': [0, 0, 0, 0, 0, 0, 0, 0, 0, 0, 0, 0, 0, 0, 0, 0, 0, 0, 0, 0, 0, 0, 0, 0, 0, 0, 0, 0, 0, 0, 0, 0, 0, 0, 0, 0, 0, 0, 0, 0, 0, 0, 0, 0, 0, 0, 0, 0, 0, 0, 0, 0, 0, 0, 0, 0, 0, 0, 0], 'ages_died': [], 'log_terms': [220.48324910013127, 0.2144379871091438, 61.96830045076154, 2.4655710694953737e-14], 'log_cov': [[12507.12747536146, -2.327655462313361, 407.5494950821643, -12.49969337913872], [-2.327655462313361, 0.0004938840161143889, -0.07758472658403645, 0.003337089334476151], [407.5494950821643, -0.07758472658403646, 13.341145010762611, -0.4226804390436414], [-12.499693379138721, 0.003337089334476151, -0.42268043904364144, 0.11032667358774413]], 'exp_terms': [83.15328300112748, 0.2002836569131163, 59.11466420043979], 'exp_cov': [[1.5874221364564774e+17, 271223.44283716904, 1.0457127725426714e+16], [271223.44283716904, 5.160549022608917e-05, 17866.81685589433], [1.0457127725426714e+16, 17866.81685589433, 688862261364125.8]]}, 'Belgium': {'name': 'Belgium', 'size': 70, 'lat': 50.8333, 'lon': 4.0, 'confirmed': [0, 0, 0, 0, 0, 0, 0, 0, 0, 0, 0, 0, 0, 1, 1, 1, 1, 1, 1, 1, 1, 1, 1, 1, 1, 1, 1, 1, 1, 1, 1, 1, 1, 1, 1, 1, 1, 1, 1, 2, 8, 13, 23, 50, 109, 169, 200, 239, 267, 314, 314, 559, 689, 886, 1058, 1243, 1486, 1795, 2257], 'old': 0, 'growth': [0.0, 0.0, 0.0, 0.0, 0.0, 0.0, 0.0, 0.0, 0.0, 0.0, 0.0, 0.0, 0.0, 0.0, 0.0, 0.0, 0.0, 0.0, 0.0, 0.0, 0.0, 0.0, 0.0, 0.0, 0.0, 0.0, 0.0, 0.0, 0.0, 0.0, 0.0, 0.0, 0.0, 0.0, 0.0, 0.0, 0.0, 0.0, 6.0, 0.8333333333333334, 2.0, 2.7, 2.185185185185185, 1.0169491525423728, 0.5166666666666667, 1.2580645161290323, 0.717948717948718, 1.6785714285714286, 0.0, 0.0, 0.5306122448979592, 1.5153846153846153, 0.8730964467005076, 1.0755813953488371, 1.3135135135135134, 1.271604938271605, 1.4951456310679612], 'ages': [], 'recovered': [0, 0, 0, 0, 0, 0, 0, 0, 0, 0, 0, 0, 0, 0, 0, 0, 0, 0, 0, 0, 0, 0, 0, 0, 0, 0, 1, 1, 1, 1, 1, 1, 1, 1, 1, 1, 1, 1, 1, 1, 1, 1, 1, 1, 1, 1, 1, 1, 1, 1, 1, 1, 1, 1, 1, 1, 31, 31, 1], 'deaths': [0, 0, 0, 0, 0, 0, 0, 0, 0, 0, 0, 0, 0, 0, 0, 0, 0, 0, 0, 0, 0, 0, 0, 0, 0, 0, 0, 0, 0, 0, 0, 0, 0, 0, 0, 0, 0, 0, 0, 0, 0, 0, 0, 0, 0, 0, 0, 0, 0, 3, 3, 3, 4, 4, 5, 10, 14, 21, 37], 'ages_died': [], 'log_terms': [7542.731516204163, 0.24367529197325202, 61.613540662185486, 2.560241189330623e-18], 'log_cov': [[2604359.723807337, -15.691271540600356, 2173.1993011572913, -2090.820888708339], [-15.691271540600358, 0.00010779801238090095, -0.01339463985845198, 0.018209632628758885], [2173.1993011572918, -0.01339463985845198, 1.8217213422611624, -1.8125002479448225], [-2090.820888708339, 0.018209632628758885, -1.8125002479448225, 17.798248253008282]], 'exp_terms': [114.41738070301805, 0.2312243944203745, 43.63991670490006], 'exp_cov': [[2.842947658996569e+16, 347055.2150426886, 1194523028980283.5], [347055.2150426886, 1.969489934459788e-05, 14582.240608602393], [1194523028980283.2, 14582.240608602393, 50190346004043.47]]}, 'Benin': {'name': 'Benin', 'size': 10, 'lat': 9.3077, 'lon': 2.3158, 'confirmed': [0, 0, 0, 0, 0, 0, 0, 0, 0, 0, 0, 0, 0, 0, 0, 0, 0, 0, 0, 0, 0, 0, 0, 0, 0, 0, 0, 0, 0, 0, 0, 0, 0, 0, 0, 0, 0, 0, 0, 0, 0, 0, 0, 0, 0, 0, 0, 0, 0, 0, 0, 0, 0, 0, 1, 1, 2, 2, 2], 'old': 0, 'growth': [0.0, 0.0, 0.0, 0.0, 0.0, 0.0, 0.0, 0.0, 0.0, 0.0, 0.0, 0.0, 0.0, 0.0, 0.0, 0.0, 0.0, 0.0, 0.0, 0.0, 0.0, 0.0, 0.0, 0.0, 0.0, 0.0, 0.0, 0.0, 0.0, 0.0, 0.0, 0.0, 0.0, 0.0, 0.0, 0.0, 0.0, 0.0, 0.0, 0.0, 0.0, 0.0, 0.0, 0.0, 0.0, 0.0, 0.0, 0.0, 0.0, 0.0, 0.0, 0.0, 0.0, 0.0, 0.0, 0.0, 0.0], 'ages': [], 'recovered': [0, 0, 0, 0, 0, 0, 0, 0, 0, 0, 0, 0, 0, 0, 0, 0, 0, 0, 0, 0, 0, 0, 0, 0, 0, 0, 0, 0, 0, 0, 0, 0, 0, 0, 0, 0, 0, 0, 0, 0, 0, 0, 0, 0, 0, 0, 0, 0, 0, 0, 0, 0, 0, 0, 0, 0, 0, 0, 0], 'deaths': [0, 0, 0, 0, 0, 0, 0, 0, 0, 0, 0, 0, 0, 0, 0, 0, 0, 0, 0, 0, 0, 0, 0, 0, 0, 0, 0, 0, 0, 0, 0, 0, 0, 0, 0, 0, 0, 0, 0, 0, 0, 0, 0, 0, 0, 0, 0, 0, 0, 0, 0, 0, 0, 0, 0, 0, 0, 0, 0], 'ages_died': [], 'log_terms': [2.084794445654253, 1.3077874815884138, 54.59606549927176, 1.6666640682976146e-54], 'log_cov': [[0.0048079013142996565, -0.006543197284675364, 0.004902372385767791, -0.00015097607430613976], [-0.006543197284675364, 0.02275635787502952, -0.00664710788514241, 0.00021637803671079872], [0.004902372385767792, -0.00664710788514241, 0.011613925856714074, 7.850975645649747e-05], [-0.00015097607430613976, 0.00021637803671079872, 7.850975645649746e-05, 0.0001109242396943879]], 'exp_terms': [64.6874439317629, 0.3726195943494839, 68.3563150072105], 'exp_cov': [[1.1739736472632197e+18, 34757358.92940492, 5.730091047295381e+16], [34757358.92940492, 0.0025494794330497414, 1696484.6440700816], [5.730091047295381e+16, 1696484.6440700812, 2796821162624692.0]]}, 'Bhutan': {'name': 'Bhutan', 'size': 10, 'lat': 27.5142, 'lon': 90.4336, 'confirmed': [0, 0, 0, 0, 0, 0, 0, 0, 0, 0, 0, 0, 0, 0, 0, 0, 0, 0, 0, 0, 0, 0, 0, 0, 0, 0, 0, 0, 0, 0, 0, 0, 0, 0, 0, 0, 0, 0, 0, 0, 0, 0, 0, 0, 1, 1, 1, 1, 1, 1, 1, 1, 1, 1, 1, 1, 1, 1, 2], 'old': 0, 'growth': [0.0, 0.0, 0.0, 0.0, 0.0, 0.0, 0.0, 0.0, 0.0, 0.0, 0.0, 0.0, 0.0, 0.0, 0.0, 0.0, 0.0, 0.0, 0.0, 0.0, 0.0, 0.0, 0.0, 0.0, 0.0, 0.0, 0.0, 0.0, 0.0, 0.0, 0.0, 0.0, 0.0, 0.0, 0.0, 0.0, 0.0, 0.0, 0.0, 0.0, 0.0, 0.0, 0.0, 0.0, 0.0, 0.0, 0.0, 0.0, 0.0, 0.0, 0.0, 0.0, 0.0, 0.0, 0.0, 0.0, 0.0], 'ages': [], 'recovered': [0, 0, 0, 0, 0, 0, 0, 0, 0, 0, 0, 0, 0, 0, 0, 0, 0, 0, 0, 0, 0, 0, 0, 0, 0, 0, 0, 0, 0, 0, 0, 0, 0, 0, 0, 0, 0, 0, 0, 0, 0, 0, 0, 0, 0, 0, 0, 0, 0, 0, 0, 0, 0, 0, 0, 0, 0, 0, 0], 'deaths': [0, 0, 0, 0, 0, 0, 0, 0, 0, 0, 0, 0, 0, 0, 0, 0, 0, 0, 0, 0, 0, 0, 0, 0, 0, 0, 0, 0, 0, 0, 0, 0, 0, 0, 0, 0, 0, 0, 0, 0, 0, 0, 0, 0, 0, 0, 0, 0, 0, 0, 0, 0, 0, 0, 0, 0, 0, 0, 0], 'ages_died': [], 'log_terms': [2.0000000000000004, 0.16504292464092574, 51.43742145092003, 5.877411783137419e-23], 'log_cov': [[0.5049578952342982, -0.03429917627026001, 3.2723342241647906, -0.01327221581082302], [-0.03429917627026001, 0.0028062479284004524, -0.2222580217710649, 0.0012260212396842196], [3.2723342241647906, -0.22225802177106496, 21.97249914958028, -0.06619499310195326], [-0.01327221581082302, 0.0012260212396842198, -0.06619499310195326, 0.0017956996232874473]], 'exp_terms': [27.21218398901311, 0.10138583121909102, 87.11672929455419], 'exp_cov': [[8.24000991702691e+16, -671083.9248458799, 3.135635563496245e+16], [-671083.9248458799, 0.0001532424577483032, -255372.8732252257], [3.135635563496245e+16, -255372.8732252257, 1.1932279798286942e+16]]}, 'Bolivia': {'name': 'Bolivia', 'size': 20, 'lat': -16.2902, 'lon': -63.5887, 'confirmed': [0, 0, 0, 0, 0, 0, 0, 0, 0, 0, 0, 0, 0, 0, 0, 0, 0, 0, 0, 0, 0, 0, 0, 0, 0, 0, 0, 0, 0, 0, 0, 0, 0, 0, 0, 0, 0, 0, 0, 0, 0, 0, 0, 0, 0, 0, 0, 0, 0, 2, 2, 3, 10, 10, 11, 11, 12, 12, 15], 'old': 0, 'growth': [0.0, 0.0, 0.0, 0.0, 0.0, 0.0, 0.0, 0.0, 0.0, 0.0, 0.0, 0.0, 0.0, 0.0, 0.0, 0.0, 0.0, 0.0, 0.0, 0.0, 0.0, 0.0, 0.0, 0.0, 0.0, 0.0, 0.0, 0.0, 0.0, 0.0, 0.0, 0.0, 0.0, 0.0, 0.0, 0.0, 0.0, 0.0, 0.0, 0.0, 0.0, 0.0, 0.0, 0.0, 0.0, 0.0, 0.0, 0.0, 0.0, 0.0, 7.0, 0.0, 0.0, 0.0, 0.0, 0.0, 0.0], 'ages': [], 'recovered': [0, 0, 0, 0, 0, 0, 0, 0, 0, 0, 0, 0, 0, 0, 0, 0, 0, 0, 0, 0, 0, 0, 0, 0, 0, 0, 0, 0, 0, 0, 0, 0, 0, 0, 0, 0, 0, 0, 0, 0, 0, 0, 0, 0, 0, 0, 0, 0, 0, 0, 0, 0, 0, 0, 0, 0, 0, 0, 0], 'deaths': [0, 0, 0, 0, 0, 0, 0, 0, 0, 0, 0, 0, 0, 0, 0, 0, 0, 0, 0, 0, 0, 0, 0, 0, 0, 0, 0, 0, 0, 0, 0, 0, 0, 0, 0, 0, 0, 0, 0, 0, 0, 0, 0, 0, 0, 0, 0, 0, 0, 0, 0, 0, 0, 0, 0, 0, 0, 0, 0], 'ages_died': [], 'log_terms': [15.000000000000002, 0.5742444264825066, 52.34173959953773, 1.4862145871532756e-17], 'log_cov': [[0.5135451134875667, -0.03603550915697425, 0.15776827396730514, -0.018594968779289563], [-0.03603550915697425, 0.004439904682762116, -0.01098114172809951, 0.0015153677085233657], [0.15776827396730514, -0.01098114172809951, 0.07489965100197939, 0.0008281772454982099], [-0.018594968779289567, 0.0015153677085233657, 0.0008281772454982095, 0.010320291608629548]], 'exp_terms': [70.18978305984153, 0.20581537448240292, 65.67153480048599], 'exp_cov': [[4.612400552296424e+18, 50124847.40159724, 3.511150152341418e+17], [50124847.40159724, 0.000869244729734627, 3815710.776629554], [3.511150152341418e+17, 3815710.776629554, 2.6728327803510496e+16]]}, 'Bosnia and Herzegovina': {'name': 'Bosnia and Herzegovina', 'size': 40, 'lat': 43.9159, 'lon': 17.6791, 'confirmed': [0, 0, 0